-162782
-162829
-162841
-162847
-162851
-162856
-162860
-162865
-162796
-162800
-162811
-162817
-162829
-162833
-162902
-140054
-140050
-140054
-128682
-128679
-128683
-128687
-128692
-128699
-128703
-128708
-128668
-128672
-128677
-128681
-128692
-128697
-128701
-128706
-128683
-128688
-128691
-128695
-128700
-128704
-128709
-128713
-98053
-98047
-98049
-98051
-98060
-98063
-98065
-98067
-97921
-97922
-97924
-97926
-97929
-97931
-97933
-97935
-97845
-97846
-97848
-97850
-97858
-97860
-97863
-95113
-95115
-95119
-95124
-95128
-95138
-95142
-95147
-95101
-95108
-95113
-95122
-95127
-95136
-95140
-95145
-95117
-95126
-95130
-95135
-95139
-95149
-95153
-95158
-95134
-95154
-90822
-90819
-90823
-90833
-90088
-90088
-48775
-48779
-48784
-45446
-45442
-45451
-45457
-45460
-34880
-34884
-34888
-34892
-34896
-34907
-34911
-34916
-34866
-34876
-34881
-34885
-34889
-34899
-34904
-34908
-34850
-34860
-34865
-34870
-34873
-34884
-34888
-32950
-32946
-32987
-32994
-32996
-33000
-33008
-33011
-32947
-32947
-32957
-32960
-32968
-32971
-32987
-32990
-32934
-32938
-32947
-32951
-32955
-32957
-32966
-19038
-19035
-19039
-4168
-4163
-4166
-4169
12524
12530
12529
12526
12519
12516
12514
12512
12640
12639
12637
12634
16888
16888
16885
16881
16870
16865
16862
16857
16966
16966
16963
16958
16948
16944
16940
16936
17033
17030
17027
17023
17013
17008
17004
17001
17050
17045
17042
17038
17021
17017
17014
17010
17048
17045
17041
17038
17028
17024
17020
20553
20551
20547
20543
20538
37397
37400
37705
40773
40767
40762
40758
40756
40745
42480
42480
42477
42467
42463
42458
44233
44230
44226
44222
44218
49756
49759
49755
49751
49742
49736
50706
50705
50693
50689
50684
50681
50669
50665
51251
51250
51231
51225
51222
51218
51175
51167
51202
51198
51189
51183
59512
59516
59506
59502
59498
59494
59484
59480
60725
60729
60722
60719
60715
60712
60704
60699
60777
75638
75634
75630
75625
75621
79340
79342
79339
91232
91233
91230
91227
91226
91217
91214
91211
93332
93329
93325
93321
93316
93307
93302
93297
94227
94217
94213
94208
94207
94198
94196
94193
94278
94272
94268
94259
94255
94247
94243
94241
94306
94298
94293
94288
94284
94275
94270
94266
94400
94395
94392
94389
94386
94377
94373
94369
94447
94440
94435
94417
94413
94401
94397
94392
94419
94410
149865
149869
149865
156914
157049
157049
157047
157038
157034
157032
157037
157865
157866
157861
157857
157847
157842
157838
157833
157823
157904
157900
157896
157886
157881
157877
157873
157862
157900
157896
157893
157883
157878
157869
157864
157855
157874
157870
175798
175796
175792
182817
182821
182800
182795
182791
182787
182776
182772
182817
182813
182804
182799
182795
182791
182781
182777
182804
182800
182791
182785
182782
182778
182759
182755
182781
182778
182757
182751
195359
195363
195353
209238
209244
209240
209231
209227
209223
209220
209211
209365
209363
209359
209350
209346
213070
213074
213067
213064
213317
213313
213298
213294
213368
213373
213364
213361
213352
213349
213340
213336
213398
213394
213386
213382
213378
213374
213366
213362
213360
213423
213408
213404
213401
213398
213387
213384
213382
213424
213415
213413
215378
215381
215372
215368
215365
215361
217138
217139
217135
217131
217120
217116
217113
217108
217165
217164
227085
227090
227080
227074
227071
227067
241063
240950
245390
245394
245381
245376
245372
245368
245358
245354
245349
245394
245385
245385
245381
245377
245367
245363
245358
245382
255541
255545
255541
255537
255488
255481
255476
255472
256695
256697
256693
256688
256679
256674
256670
256665
257415
257417
257413
257409
257400
257396
257392
257388
257457
257455
257451
257447
257438
257434
257429
257425
257463
257459
257455
257451
257442
257438
257434
257430
257470
257468
257465
257464
257455
257453
260414
260418
265454
265461
265457
265453
265445
265441
265437
265432
277960
277962
277958
277954
297698
297697
297695
297691
297684
297680
297676
297674
297757
297757
297752
297748
297738
297733
297729
297725
297754
297750
297746
297741
297731
297726
297722
297717
297747
297743
297738
297734
297723
297719
297714
297710
297733
297729
297724
297720
297710
297706
297702
297697
297687
297713
297709
297705
297695
297690
297686
297681
297665
300258
300261
300258
300248
300243
300239
300234
300225
300668
300666
306546
306545
306540
306536
316379
316381
316371
316368
316365
316355
317769
317771
317766
317746
317742
317737
317733
330924
330927
330924
330920
330909
330806
330801
330796
331341
331339
331334
331330
331321
331316
331312
331307
331620
331617
331612
331608
331589
331584
331579
331576
331593
331589
340009
340013
340004
339999
339995
339977
339966
339962
340008
340004
339994
339990
339986
339982
339971
339966
339996
339992
339981
339977
339972
339968
339958
339954
339988
339985
339976
339965
339961
339956
339944
339939
339962
339958
345709
345711
345708
345703
345693
350052
350057
350053
350042
350038
362146
362150
362133
365087
365090
365086
376236
376239
376234
376230
376221
376216
376212
376208
376879
376878
376874
376870
376861
376856
376852
376847
376882
376879
376874
376871
376860
376856
376852
376848
376882
376878
376873
376870
376860
376855
376850
376846
376836
376856
390791
390795
390778
390773
390769
390765
390755
390751
390746
390793
390784
390779
390775
390770
390732
390724
390719
390748
390736
390732
390728
390724
390712
390706
390703
390736
390725
390720
390716
390711
390701
390697
390692
390722
390711
390707
390702
390697
390688
390683
390679
390704
390694
390690
390685
390682
399210
399214
407701
407707
407698
412483
412487
412484
412474
412468
414366
414364
414354
414350
414345
433699
433697
433694
433691
433687
433677
433734
433737
436471
436455
436450
436445
436442
436429
436425
436420
437010
437002
436997
436993
436988
436979
436974
436970
437016
437006
437002
436997
436993
436983
436978
436973
437002
436992
436988
436983
436978
436969
436964
436960
436988
436978
436973
436969
436965
436954
436950
436945
436965
441126
441056
441052
441047
441027
441022
441017
441014
441043
441038
441035
441030
441020
441015
441331
441329
441390
441386
441383
441379
453553
453557
453554
453550
453535
453531
453527
453524
457627
457634
457631
477879
477944
477944
477942
477940
477921
477918
477916
479960
479954
479950
479945
479941
479930
479926
479923
480464
480456
480452
480448
480444
480432
480427
480423
480467
480457
480452
480448
480444
480427
480422
480418
480414
480436
480432
480427
480424
480412
480408
480404
480399
480420
480415
480412
480409
480398
480395
480390
480387
480409
480405
480400
480397
480385
480381
480376
480372
480463
480460
480456
480451
480441
480436
480433
480428
480457
480452
480449
480444
489442
489449
489445
495441
495443
495441
495437
495433
495424
529591
529596
529591
529574
529570
529565
529561
529551
530441
530442
530438
530419
530414
530410
530406
530396
531082
531080
531076
531066
531062
531058
531053
531043
532553
532554
532551
532541
532541
96935
96893
97788
97726
97719
97715
97710
97713
97712
97709
97777
97773
97767
97762
97757
102807
102812
102809
102804
102799
102795
102790
102784
102842
102837
102832
102826
102822
102818
102814
102809
102856
102853
102850
102906
131216
131224
131222
137218
137225
137222
137218
137213
137208
137206
137202
137276
137273
137268
137263
137259
137256
137251
137247
137296
137293
137288
137286
151579
151588
151584
151580
151575
151571
151567
151562
151980
151980
151977
151972
151968
151965
151961
151956
152027
152026
152020
152015
151843
151835
151831
151827
151821
151857
159173
159180
159174
159170
159164
159160
159155
159150
159405
159400
159396
159388
159384
159378
159373
159367
159393
159387
159383
171153
171155
171150
171144
171139
171132
171128
171121
171167
171162
171157
171153
171147
171143
171137
171133
171159
171155
171151
171145
171141
171136
171131
171125
171149
177209
177212
177208
177204
177198
177193
177188
177183
177178
177221
177217
177212
177207
177203
177196
189296
189297
189292
189288
189283
189279
189273
189269
189312
189308
189303
189297
189293
189289
189284
189279
189306
189299
189295
189290
189286
189281
189276
189271
189292
189288
196643
196646
196642
196637
196632
196627
196623
196617
196665
196661
196656
204573
204576
204572
204566
204562
204556
204551
204547
204582
204578
223376
223379
223373
223369
223363
223359
223352
223348
223396
223392
223387
223382
223377
223372
223367
223363
223392
223387
223381
223377
223372
223368
223362
223358
223353
223386
223382
223378
223372
223368
223363
223359
223353
223381
223377
223373
223368
223363
223359
223352
223348
223371
223366
223360
223356
223348
223344
223339
223335
230092
230096
230092
230086
230081
230075
230070
230066
230119
233996
233999
233994
233989
233984
233979
233975
233969
234011
234007
234002
233997
233990
233986
233981
233976
234005
234001
233996
233991
233986
233980
233976
233970
234891
234890
234886
234881
234874
234870
240754
251061
251068
251066
251063
254707
254710
254705
257720
257720
257716
257712
257706
257702
257697
257691
257637
257632
257628
257622
266749
266752
266748
266743
266738
266734
266729
266724
267858
268049
268045
268041
268035
268031
269337
269337
269333
269327
269322
269318
269314
269308
269347
269343
269338
269333
269329
274118
274123
274120
274117
274115
274111
274108
274105
274178
274178
274174
274169
276119
276120
276115
276110
276105
285162
285167
285165
285162
285160
285156
285154
285151
285755
285756
285752
285750
285747
285744
285798
285795
285791
286636
286636
286632
286628
286624
286621
286617
286613
287349
287348
287344
287340
287334
287330
287325
287320
287382
287378
287373
287370
287366
287362
287358
287354
287410
287409
287406
287403
297401
297403
297399
310182
310189
310185
341168
341172
341168
341163
341158
341154
341149
341145
341192
341187
341183
341178
341174
341168
341164
341159
341173
341167
341163
341159
341154
341149
341144
341140
341236
341232
341227
341223
341218
341213
341209
341204
341230
341226
347721
347726
347724
347721
347717
347712
347708
347704
347794
347793
352821
352833
352837
352835
352832
352828
352824
352820
353115
353114
353110
353105
353101
353096
353092
353089
353158
353157
353152
353148
353143
353138
353133
353128
353186
353183
353179
353174
353170
353166
353162
353158
353212
353210
353205
353184
353180
353178
353175
353167
354476
354479
354476
354467
354463
354459
354457
354448
354513
354511
354509
354500
357944
357947
357942
357921
357916
357911
357907
357897
357941
358014
358016
108637
108603
108594
121446
121448
121444
121439
121432
121428
121421
122575
122572
122568
122563
122557
122553
123643
123642
123636
123632
123626
123622
123616
123806
123849
123845
123840
123833
123829
125649
125648
125642
125638
125633
125628
125624
125618
125657
125651
125647
125642
125637
125633
125627
125622
125647
125642
125637
125631
126542
126541
126537
126532
126527
126523
126518
126513
126544
132816
132817
132813
132808
132804
132798
132794
132789
132835
132831
132827
132823
132878
132874
132868
132864
132932
132928
132925
132920
132916
148975
148978
148973
148969
148962
148958
148953
148947
148997
148993
148989
148983
148978
148973
148967
148963
148992
148988
148983
148978
148973
148968
148963
148958
149006
149003
149000
148995
148991
148985
148981
148977
148972
149028
149026
149024
149020
149017
149014
149012
149008
149070
149070
149066
149061
149055
149051
160912
160916
160911
160906
160902
160897
160891
160887
160882
161010
161006
161002
160997
160993
160990
160985
160982
161015
161010
161005
161000
162316
162318
162313
162309
162306
172097
172101
172151
172147
172141
172137
172132
172128
172183
173179
173179
173172
173168
173163
173157
173151
173146
173189
173185
174689
174689
174684
174678
174674
174667
174663
174658
175561
175560
175555
175549
175544
175540
176207
176205
176199
176195
176189
176185
176181
176175
176204
191579
191582
191577
191573
191567
191563
191558
191552
191595
191591
191586
191582
191576
191572
191566
191562
191588
191584
191580
191575
191570
191564
191560
191555
191587
191583
191577
191573
191567
191563
191558
191406
191536
191532
191527
191522
191517
191511
191507
191501
191526
191521
191516
191512
203922
204031
204024
204019
204014
204009
204002
203997
203993
204037
204033
204028
204023
204017
204013
204005
204000
204028
204023
204019
204015
204009
213952
213957
213952
213950
213945
213942
213938
213935
214862
214861
214857
214850
214846
214841
214836
214831
214876
214871
214866
214861
214855
214850
214845
214841
214865
214861
221170
221172
221168
221163
221152
221144
221139
221134
221653
221649
221644
221639
221633
221627
221623
221616
221649
221645
239393
239395
239391
239385
239380
239375
239369
239364
239358
239405
239401
239396
239391
239386
239382
239376
239371
239402
239397
239392
239388
239383
239377
239372
239366
239388
251084
251090
251093
251090
251085
251082
251077
251074
251176
251174
251170
251165
251160
251157
251153
251148
251235
251235
251229
251226
251221
251224
251220
251217
251214
251437
251437
251432
251428
251423
251419
251413
251409
251503
251502
251498
251494
251490
251488
251485
251480
251546
262835
262841
262838
262834
262830
262826
262821
262816
264140
264140
264137
264133
264131
264125
264120
264117
265087
265087
265082
265078
265072
265068
265061
265055
265111
265108
265102
265098
265094
265090
265087
265083
265132
265128
265126
265130
265127
265123
265119
265116
265165
265161
265159
265156
275082
275085
275079
275074
275069
275064
275060
275054
275569
275567
275561
275557
275550
275546
275541
275536
275532
275569
275564
275557
275553
275547
297382
297383
297379
297281
297276
297271
297265
297259
297301
297297
297292
297287
297283
297279
297273
297268
297592
297588
297584
297579
297575
297571
297567
297563
303943
303945
303941
303937
303932
303928
303923
303918
305364
305366
305362
305356
305352
305348
305343
305339
306115
306112
306107
306103
306078
306074
306070
306065
306054
306158
306155
306151
306141
306135
306131
306128
306117
306152
306148
306145
306134
306133
14618
14572
14556
14582
14578
14571
14565
14559
14554
14549
14544
14580
14576
14571
14565
14561
14555
14551
14540
14566
14562
14557
14552
14548
14544
14539
14533
14555
14550
14462
22337
22343
22340
22337
22335
22332
22329
22326
22404
22410
22408
22403
22400
22396
22392
22389
22439
22436
22431
22427
22421
22417
22413
22408
22439
22435
22430
22422
25273
25276
25270
31977
31979
31974
31969
31964
31958
31953
31947
31995
31990
31986
31981
31977
31972
31966
31961
31955
31984
31980
31975
31971
31964
47042
47051
47047
47040
47036
47032
47026
47022
47646
47647
47641
47636
47629
47624
47618
47613
48479
48477
48473
48467
48462
48456
48452
48446
49430
49429
49425
49419
49414
49410
49404
49399
49967
49964
49959
49955
49949
49945
49941
49935
49970
49965
49961
49955
49951
49945
49940
49935
49929
61089
61092
61087
61083
61079
61073
61069
61064
61106
61102
61095
61091
61086
61081
61076
61071
61098
61094
61088
61083
61077
61072
61067
61062
60671
65120
65120
65114
65110
65105
65101
65095
65090
65086
65592
65589
65584
65580
65740
65734
65730
65723
65763
65758
85915
85920
85916
85912
85910
85906
85900
85897
85977
85974
85971
85968
85964
85960
85955
85951
86009
86007
86004
86000
85998
85994
85990
85985
86042
86039
86033
86029
86024
86022
86017
86013
86008
86047
86045
92561
92566
92562
92559
92557
92555
92551
92549
92634
92631
92627
92620
92615
92611
92605
92601
92638
92634
92628
92623
92616
92611
92607
92602
92641
92637
92633
92626
92622
92616
92611
92607
92630
92626
92621
92616
92609
98776
98780
98778
98775
98772
98770
98768
98764
98850
98850
98846
98841
98838
98835
98831
98827
99133
99133
99129
99125
99122
115897
115901
115897
115892
115887
115883
115878
115873
116190
116187
116182
116178
116171
116167
116162
116157
116152
116191
116186
116180
116175
116169
116165
116159
116155
116347
116344
116339
116336
116331
116326
116322
116315
116342
116334
116328
116323
116318
116312
116308
116303
116330
116324
116319
116313
116308
116302
116297
116293
121745
121759
121755
121752
121749
121745
121740
121738
121818
123491
123492
123487
123482
123476
123472
123465
123460
123492
123488
123483
187388
187392
187388
187383
187377
187372
187366
187361
187650
187647
187643
187637
187633
187628
187623
187618
202232
202237
202234
202227
202223
202218
202215
202321
202319
202313
204372
204375
204371
204367
204362
204358
204352
204349
204229
204224
204219
204214
204209
204205
204200
204194
204245
204241
204238
204232
204229
204312
204310
205453
205525
205522
205518
205516
205512
205509
205504
205642
205639
205635
205630
205625
205621
205616
205611
205659
205656
205651
205646
205642
205638
205634
272164
272169
272164
272161
278366
278368
278364
280675
280675
280670
280666
280660
280656
280651
286518
286521
286517
286513
286507
286503
286496
286491
296853
296857
296853
296847
296843
296837
296833
296827
296882
296878
296873
296868
296864
296859
296853
296848
296875
296871
296865
296860
296853
296848
296843
296838
296872
296868
296862
296857
296851
296845
296841
296834
296862
296856
296852
296846
296842
296837
296833
296827
296853
296849
296841
296837
296832
296827
296823
296817
296847
296842
296837
296831
296826
296821
296817
296812
296838
296834
296828
296822
296816
296812
296805
296799
296825
296820
296816
296816
94127
94085
94070
94059
94039
94072
94068
94063
94058
94053
94048
94042
94037
94068
94063
94054
94048
94041
94037
94031
94026
94051
94047
94042
94037
94033
94029
94023
94019
94049
94043
94039
94032
94028
94024
94019
94014
94041
94037
94032
94027
94022
94017
94013
94008
94035
94029
94025
94020
94016
94011
94006
94000
94027
94022
94016
94012
94007
94001
93997
93991
94022
94018
94014
94008
94004
93999
93994
93988
93984
94012
94006
94001
93994
93990
93985
93981
93977
94148
94149
94144
94140
94134
94130
94126
94121
94335
94004
93995
93992
93989
93986
93982
93980
94034
94033
94029
95502
95501
95497
95492
95487
110262
110264
110259
110253
110247
110242
110237
110231
110310
110731
110729
110724
110719
110714
110708
110704
110698
110791
110788
110785
110781
110778
110775
110773
110769
110834
110832
110829
110826
110822
110819
110824
110820
110885
110881
110876
110871
110869
110866
110860
110857
110906
110904
110900
110897
113816
113818
113813
113809
113805
113799
113794
113788
141819
141822
141817
141813
141808
141803
141798
141792
141787
141832
141828
141822
141818
141812
141807
141800
141796
141826
141822
141816
141812
141807
141803
144988
144991
144987
144984
144979
144975
144972
144968
145830
145830
145825
145820
145816
145811
145807
145801
145797
146223
146220
146216
146211
146207
146202
146198
146194
146258
146256
146254
146250
146248
146245
146242
146239
147791
147791
147786
147781
147777
147773
147768
147762
147802
147798
147794
147788
147783
155283
155286
155281
155276
155271
155267
155262
155258
155820
155818
155814
155809
155804
155799
155795
155790
155785
155823
155819
155813
155809
155805
155799
155795
155790
155812
165376
165382
165378
165373
165370
165366
165362
165357
165437
165434
165430
165426
165421
165417
165414
165410
165456
165453
165449
165445
165440
165436
169761
169764
169759
169754
169750
169746
169741
169737
169780
169776
169771
169767
169762
169757
186545
186549
186544
186539
186535
186530
186526
186521
186566
186561
186556
186552
186547
186542
186538
186533
186561
186334
186326
186320
186316
186311
186307
186302
186334
186330
186325
186320
186309
186302
186297
186292
186319
186314
186310
186305
186301
186295
186291
186286
186282
186302
186298
190417
190418
190587
190583
190579
190575
190569
190565
190614
190609
190605
190599
203639
203642
203638
203633
203628
203624
203619
203614
204189
204187
204182
204177
204173
204169
204164
204159
204197
204299
204295
204290
204286
204280
204276
204271
204329
204324
204320
204315
204311
204306
204301
204296
204315
204309
204305
204299
204295
204290
204286
204280
210913
210915
210911
210907
210902
210897
210892
210887
210933
210929
210924
210920
210915
210910
210906
210901
211028
211025
211021
211016
216136
216139
216135
216130
216126
216121
216116
216112
216157
216152
216148
216143
216139
216135
237331
237334
237330
237326
237322
237316
237312
237307
238252
238250
238245
238240
238236
238232
238227
238221
240023
240023
240019
240015
240009
240005
240000
239995
240632
240631
240626
240622
240617
240612
240608
240603
240599
240641
240637
240633
240627
240623
240619
240614
240610
240644
240640
240635
240631
240626
240622
240616
240612
240644
240640
240635
240630
240625
240621
240616
240611
240637
240633
240629
240624
240619
240614
240609
240604
240631
240625
240620
240615
240610
240606
240601
252599
252600
252596
252591
252587
252582
252577
252570
252620
252616
252610
252606
252606
87796
87758
87749
87778
87774
87770
87765
87761
87756
87752
87747
87791
87787
87783
87778
87773
87770
87764
90101
89928
89923
89919
89915
89910
100753
100758
100752
100748
100743
100738
100734
100729
100772
100768
100763
100758
100754
100749
100745
100740
100769
100763
100758
100753
100749
100745
100926
100921
100916
100960
100956
112991
112994
112990
112985
112981
112977
112971
112967
112962
113011
113007
113002
112998
112993
112988
112983
112977
113008
113004
112999
112994
112990
112984
112980
112975
113009
113004
113000
112995
112990
112985
112981
112976
113005
113000
112995
112991
112986
112982
112977
112972
119029
119033
119028
119024
119019
119015
119009
119005
119054
119050
119045
119040
119036
119031
119027
119021
119051
119047
119043
119038
119033
130431
130438
130434
130430
130426
130422
130418
130414
130487
130486
130484
130481
132499
132500
132495
132490
132486
132480
132475
132470
132515
132511
132505
132501
132496
132492
139632
139634
139629
139625
139620
139615
139611
139605
139643
139639
139633
141436
141436
141432
141429
141424
141420
141417
141412
141408
142040
142041
142039
142036
142033
142030
142026
144608
144613
144611
144607
144602
144599
144595
144590
144656
144653
144650
144646
144642
144638
144634
155975
155978
155974
155968
155964
155960
155955
155950
155990
155986
155982
155976
155972
155967
155962
155957
155986
155981
155977
155972
155967
155963
155958
155953
155973
173466
173523
173520
173516
173513
173509
173504
173500
173496
173585
173582
173578
173574
173570
173566
173562
173558
173610
173608
173603
173598
173593
178809
178812
178808
178802
178798
178794
178710
178704
178750
178745
178739
178735
178730
178725
178720
178716
178739
179299
179297
179292
179288
179283
179279
179274
179268
179305
179300
179296
179291
179286
179282
179275
179271
179298
179377
179370
179366
179361
179356
179352
180080
180078
180072
189064
189067
189062
189058
189053
189048
189043
189038
189081
189077
189072
189067
189062
189058
189053
189047
189067
189909
189907
189903
189897
189893
189888
189884
192546
192549
192545
192540
192536
192532
192529
192523
192518
193163
193163
193158
193153
193149
193146
193141
193136
193190
193189
203103
203108
203104
203100
203095
203091
203087
203083
203150
203155
203152
203148
203137
203131
203127
203124
203166
203161
203157
205719
205723
205719
205714
205709
205705
205699
205695
205762
205759
205755
205751
205747
205741
205737
205731
209893
209899
209896
209892
209890
209888
209883
209880
209962
209963
209959
211016
211019
211016
223153
223241
223237
223231
223229
223223
223221
223217
223324
223321
223317
223313
223307
223303
223299
223294
223346
223342
223339
223333
223329
223323
223319
226965
226968
226963
226959
226954
226949
226945
226938
227075
227072
227067
227063
227058
227054
227048
227043
227075
227070
227066
227061
227056
238073
238076
238070
238066
238061
238057
238052
238048
238091
238086
238081
238077
238071
238067
238062
238058
238052
238075
238068
239306
239302
239298
239280
239272
239267
239262
239258
239288
243905
243908
243905
243899
243895
243892
243888
243884
246453
246456
246450
246445
246440
246436
246432
246364
246400
269551
269554
269548
269544
269538
269533
269528
269522
269566
269562
269556
269552
269547
269542
269537
269532
269565
269561
269557
269551
269546
269542
269537
271808
271807
271907
271902
271896
271892
271885
271881
271917
271912
271907
271903
271898
271894
271888
271883
271912
271906
271903
271898
271895
271891
271886
292407
300460
30292
30249
30240
30157
34023
34022
34017
34011
43052
43057
43053
43048
43044
43038
43034
43028
43228
43224
43220
43216
43212
43209
43206
43200
43254
43251
43248
43244
43242
43240
43236
43233
43285
43282
43277
43274
43268
43265
43261
43258
43394
43391
43385
43380
43375
43369
43365
43358
43394
43390
43386
43381
43375
43370
43365
43360
43355
43384
43380
43375
43370
43364
43360
43356
43351
43379
43374
43370
43365
43358
43353
43348
43342
43379
43377
43374
43371
43366
43362
43357
43352
43407
43405
43402
43399
43397
43394
43392
43387
43442
44413
44411
44407
47885
47885
47880
47875
47870
47866
47965
47964
58780
58781
58777
58770
58766
58760
58755
58750
58864
58860
58854
58850
58844
58840
58835
58831
58866
58860
58855
58850
58845
58841
58836
59432
59430
59425
62817
62817
62811
62806
62801
62795
62790
62785
62816
62812
64223
64224
64219
64215
64210
64206
64201
64197
64244
69954
69956
69952
69945
69941
69935
69930
69925
69959
69955
71208
71208
71202
71198
71191
71187
71182
85050
85056
84674
84664
84660
84655
84651
84647
84716
84712
84708
84704
84700
84695
84692
84687
84728
89968
89971
89968
89965
89962
89958
89953
89949
90039
90039
90036
90032
90028
90276
90273
90266
90318
90315
90312
90306
90303
90299
90294
90290
90340
90338
90334
90330
90325
90321
90316
90312
95241
95245
95241
95236
95232
95227
95221
95217
95257
95253
95248
109202
109208
109203
109199
109193
109190
109186
109182
109246
109243
109240
109235
109230
109227
109223
109219
109264
109260
109256
109252
109246
109243
109239
109234
109273
109270
118952
118956
118953
118948
118945
118941
118937
118933
119747
119750
119746
119742
119738
119735
119731
119726
119789
119785
119780
119776
119773
119768
119765
119760
119801
119797
119792
119787
119783
119778
119773
119767
119796
119791
119787
119782
119778
119773
119768
119764
119758
119780
119776
119770
151167
151173
151169
151164
151160
151157
151153
151149
151143
151239
151237
151232
151227
151222
151218
151213
151210
151264
151261
151257
151254
151251
151247
151243
151238
151322
151320
151316
151313
151309
151304
151300
151297
154129
154133
154129
154127
154122
154118
154112
154108
154187
154185
154183
154179
154168
154163
154158
154154
154216
154213
154209
154205
154200
154197
154193
154188
154237
154233
154230
154226
154221
154217
154212
154208
154279
154277
154274
154270
154266
154263
154259
154254
154765
154772
154767
154763
154760
154756
154752
154746
154743
154832
154831
154827
154823
154817
154813
154648
154642
154679
168852
168865
168861
172607
172611
172608
172604
172599
183768
183775
183771
183765
183761
183756
183752
183747
183743
184041
184043
184039
184036
184033
184029
184026
184856
187052
187057
187054
187049
187044
187040
187034
187032
187146
187146
187143
187138
187134
187130
187126
187123
187172
187167
193039
193042
193038
193033
193027
193023
193016
193011
193688
193687
193681
193677
193672
193666
193662
193657
193717
193713
193708
193704
193698
193693
193688
193683
193734
193732
193728
193722
193718
193714
193709
193705
193736
193733
196485
196491
196486
196481
196478
196474
196470
196465
196529
196524
196520
196515
208095
208097
208091
208086
208082
208076
208070
208065
208131
208128
208123
208117
208112
208107
208103
208097
208136
208132
208127
208156
208150
208145
208139
208134
208165
208161
213112
45330
45281
45273
45266
45261
45255
45248
45282
45278
45273
45267
45262
45256
45251
45244
45261
56166
56166
56159
56154
56148
56143
56138
56132
56162
56156
56150
56143
56138
56134
56128
56123
56139
56136
56128
56124
56119
56115
56109
56103
56129
56125
61412
61413
61409
61406
61402
61398
61392
61388
61433
61430
61423
61418
61413
61408
61403
61397
61414
61408
73014
73014
73009
73004
72999
72994
72988
72982
73336
73333
73328
73323
73318
73311
73307
73299
73294
73317
73311
73306
73301
73296
73290
73286
73279
73295
73290
73284
84804
84806
84802
84796
84791
84787
84781
84777
84822
84603
84598
84592
84586
84581
84577
84572
84600
84595
84590
84585
84579
84575
84568
84564
84596
84592
84587
84581
84577
84572
84567
84561
84580
84576
89679
89681
89782
89778
89773
89768
97908
97910
97906
97901
97897
97891
97887
97880
98054
98060
98058
98054
98050
98046
103744
103751
103745
103742
103740
103737
103734
103731
103914
103912
103906
103901
103895
103891
103887
103881
103925
103920
103914
103909
115503
115505
115499
115494
115488
115484
115476
115472
115593
115590
115585
115581
115576
115571
115567
115560
115804
118252
118254
118249
118245
118240
118235
118229
118224
118219
118271
118267
118262
118258
118254
118248
118244
123648
123650
123645
123641
123636
123631
123627
123619
123660
123656
123651
123646
123642
123637
123631
123626
123648
123644
123640
144107
144111
144107
144102
144096
144091
144084
144080
144371
144368
144362
144358
144353
144348
144343
144337
144371
144364
144360
144355
144350
144345
144340
144336
144367
144363
144358
144353
144349
144343
144339
144333
144360
144354
144350
144345
144340
144336
144331
144326
144347
144343
144338
144333
145286
145286
145282
145276
145272
152011
152014
152008
152003
151998
151993
151989
151983
152025
152020
152016
152009
152005
155538
155537
155533
155528
155524
157786
157786
157781
157775
157771
157767
157762
157757
157801
157795
157791
157786
157782
157778
157772
157768
161488
161489
161482
161478
161473
161469
161464
171965
171969
171963
171959
171954
171949
171945
172695
172590
172585
172581
172575
172571
172567
172562
172558
172606
172604
173458
173456
173450
173445
173441
173436
173431
173426
184113
184118
184115
184113
184111
184107
184105
184102
184312
184310
185329
185324
185928
185925
185921
185917
185911
185907
185902
189492
189482
189474
189469
189463
189459
191536
191534
191529
191523
191519
191514
191510
191504
191543
191539
191534
191528
191522
191518
191512
191506
191526
199317
199321
199314
199310
199304
199299
199293
199288
199336
199332
199328
199322
199318
202374
202377
202373
202368
202363
202359
202354
202350
202763
202761
202757
202750
202746
202740
202735
202728
204181
204178
204174
204169
204150
204145
204138
204134
204170
204166
204160
204156
208472
208472
208467
208461
208457
208452
219600
219600
219596
219591
219585
219579
219575
219568
219609
219605
219601
219596
219591
219586
219580
219575
219602
219598
219593
219589
219583
219578
219573
219567
219589
219583
233814
233819
233814
233810
233806
233801
233797
233794
233894
233893
233889
233884
233879
233875
233871
233867
233930
233927
233922
233918
233914
233909
233905
233901
233987
233986
233984
233982
233978
233975
233971
233968
251722
251728
251725
251720
251716
251710
251706
251699
252605
252603
252599
252590
252586
252580
252575
252568
252614
252585
252579
252575
252570
252559
252558
45054
45048
45036
45028
45023
45010
45004
44999
44992
45028
45023
45017
45012
45007
45000
44995
44990
45017
45013
45007
45003
44997
44993
44989
44983
45099
45098
45094
44727
44721
44716
44708
44704
44743
62699
62702
62699
62693
62691
62689
62684
62682
62780
62779
62774
62771
62767
62763
62759
62756
62825
62820
62816
62813
62810
65282
65283
65279
67066
67071
67068
67063
67060
67057
67055
67050
67163
67160
67156
67150
67147
67141
67138
67134
67129
67201
67200
67261
67256
67260
67257
67254
67250
67370
67370
67366
82277
82280
82274
82270
82266
82261
82256
82250
82768
82766
82761
82757
82752
82746
82742
82736
82773
82769
82763
82759
82753
82748
82743
82739
82762
82758
82754
88847
88852
88847
88842
88837
88833
88828
88823
88975
88974
88970
88965
88961
88957
88952
88948
89011
100072
100074
100070
100064
100059
100054
100049
100044
100086
100082
100077
100072
100066
100061
100057
100051
100078
100074
100069
100063
100059
100052
100048
100043
100064
100060
109706
109709
109702
109698
109692
109688
109683
109678
109791
109789
109784
109779
109776
109770
109766
109760
109872
109867
109863
109859
109855
109850
109846
109842
109891
109888
109883
109878
109873
109869
109864
109859
109886
109883
109879
109874
109870
111017
111015
111011
111005
111000
113711
113711
125060
125064
125059
125053
125048
125042
125037
125032
125028
125066
125062
125056
126914
126913
126907
126903
126897
126892
126888
126882
126923
126919
126914
126908
126903
126898
126893
126888
133827
133830
133826
133821
133816
133813
133808
133803
133857
133854
133849
136262
136267
136263
136259
136098
136091
150863
150870
150867
150863
150858
150854
154699
154700
154696
154692
154687
154683
154678
154672
154713
154707
154703
154699
154694
154690
154685
154680
154707
154703
154699
154693
154799
154795
154791
154784
154826
154822
154818
154813
154808
154804
154798
154794
154821
154816
154812
154807
154802
154796
154792
154787
154807
154803
154798
159569
159570
159566
159558
159554
159548
159543
159539
159580
159576
159571
159566
159560
159555
159549
160392
160389
160385
160380
160376
160371
172456
172460
172454
172449
172444
172440
172435
172430
172997
172994
172990
172985
172980
172976
172972
172968
173075
173071
173066
173062
173057
173053
173048
173042
173038
173064
189477
189481
189475
189471
189465
189461
189454
189450
189497
189492
189488
189483
189479
189472
189468
189464
189488
189484
189479
197576
197578
197565
197557
197552
197547
197541
197537
197578
197573
197568
197563
197558
197554
197549
197530
197618
197613
197608
197602
197597
197593
197588
197583
197613
197609
197603
208628
208629
208625
208619
208615
208610
208605
208600
208657
208653
208646
208641
208635
208631
208626
208620
208651
208646
208642
208636
208631
208625
208620
208616
208648
208644
208640
208634
208629
208624
208619
208613
208634
208630
212595
212593
212589
212584
212578
212574
213812
213811
213807
213802
213796
213792
213787
213782
213812
234596
234599
234594
234589
234583
234578
234573
234568
234611
234606
234601
234595
234591
234584
234580
234573
234601
234596
234591
234587
234582
234578
234573
234480
234514
234509
234504
234499
234494
234490
234485
234479
234506
234502
234497
234492
234488
234483
234477
234472
234499
234494
234490
234485
234480
234475
234470
234465
234486
234481
234476
238812
238813
238916
238909
238904
238899
238894
238890
238884
250943
250947
250944
250947
51454
51404
51396
51391
51450
51448
52730
52733
52729
52725
52720
52716
52711
52706
52785
52781
52967
52968
52965
52961
56042
56044
56040
56036
56033
56037
56035
56031
56027
56106
56103
56098
56101
56097
56093
56089
56085
56152
56149
56144
56140
56136
56130
56126
56120
61333
61339
61335
61331
61327
61323
61319
64152
64156
64152
64147
64141
64138
64135
64131
64213
64212
64207
64203
64199
73510
73512
73507
73502
73498
73493
73488
73484
73525
73521
73515
73511
73505
73502
73495
73490
73511
74636
74637
74634
74631
74628
74624
74621
74618
74673
87547
87551
87545
87541
87536
87531
87527
87521
87560
87555
93478
93479
93474
93467
93462
93456
93452
93447
93486
93481
93476
93472
93466
93461
93455
93450
93479
93474
93470
93465
93460
93454
93449
93443
93478
93474
93469
93464
93460
93456
93449
93445
93472
93468
93463
93459
93454
93448
93444
93438
93459
93454
93450
93445
99035
99041
99034
99028
99024
99019
99014
99009
99213
99209
99782
99780
108900
108902
108897
108892
108887
108882
108876
108872
108910
108905
108899
108895
108889
108884
110018
110017
110011
109659
109647
109641
109635
109630
109665
109661
109656
109651
113274
113274
113268
113263
113258
113252
113247
113243
113276
113272
113851
113848
125394
125396
125392
125388
125383
125379
125371
125366
125361
125399
125394
125388
125382
125377
125372
132791
132793
132789
132783
132778
132773
132994
132990
133058
133055
133051
133047
133042
133037
133034
133029
134526
134526
134522
134517
134512
134507
134501
138244
138247
138241
138237
138232
138227
140059
140059
140052
140047
140041
140037
140031
140027
140065
140061
140056
140049
140045
140039
144258
144305
144301
144296
144291
144287
144281
144276
144320
145584
145582
145578
145573
145569
156988
156990
156985
156981
156975
156970
156966
156959
156999
156992
156987
156983
156978
156973
156968
156964
156992
156986
156980
156976
156970
156966
156961
156956
156951
156972
167596
167599
167595
167590
167586
167582
167577
167573
167635
167631
167625
167621
167616
167613
167609
167606
167670
167668
167663
167657
167653
167647
167641
167637
167677
167673
167668
167664
167658
167653
167647
167643
167636
167666
167662
167657
167652
167647
167642
167636
167631
167650
173610
173612
173607
173602
173596
174290
174287
174282
174277
174273
174925
174925
174920
177077
177077
178235
178236
178231
178227
178223
178216
178212
178207
178203
181292
181300
181298
181295
181292
181287
181917
200902
200906
200902
206489
206488
206483
206478
206472
206460
207044
207041
207036
207030
207025
207021
207016
207011
207043
207039
207034
228095
228096
228091
228085
227909
227903
227897
227891
228480
228478
228474
228469
228464
228458
228454
228448
228444
228481
228477
228472
228467
228462
228456
228452
228447
228480
228476
228471
228466
228460
228455
228451
228446
228475
228470
228465
228459
228454
228449
228443
228438
228464
228459
228454
228449
231475
231480
231477
231473
232145
232144
232138
232134
232129
232125
232119
232114
232153
232147
232143
232138
232134
232128
232124
232119
232144
232139
232134
232130
290313
290320
290316
290312
290310
290305
290301
290297
290673
290575
290567
290564
290560
290557
290553
290549
290620
290617
290614
290610
290607
290604
290600
290595
290591
290655
290653
290649
290647
290643
290638
290634
290628
290683
290680
290676
290674
290670
290667
290662
290657
290704
290702
290698
290701
84043
84918
84914
84909
84905
84900
84891
84846
84839
84905
84902
84898
84893
84890
84887
84881
84878
84932
84931
84926
84923
84920
84916
84914
85838
85838
85833
85829
85825
85822
85818
85815
85880
85876
85872
85868
85863
85861
85857
85853
85906
85902
85899
85896
85890
85887
85884
127893
127893
127888
136384
136385
136381
145924
145925
145920
145913
145908
145904
145899
145894
146001
145996
145991
145985
145980
145975
145968
145962
145976
145971
145965
145960
145954
145949
145943
146704
146700
146695
146690
146683
146678
146672
146667
146680
146675
146669
146664
146658
146652
146647
146641
146651
146646
146641
146634
146629
146624
146618
146612
146622
146617
146612
146606
146600
146595
146249
146242
146252
146246
146239
146233
146228
146222
146216
146211
146221
146216
146210
146204
146199
146194
146189
146182
146177
146194
146189
146182
146177
146172
146166
146161
146155
146167
146162
146157
146152
146145
146140
146133
146128
146138
146133
146127
146121
146116
146110
146216
146209
146223
146217
146210
146203
148450
148446
148441
148436
148431
148425
149360
149358
149351
149346
149342
149338
151292
151291
151286
151278
151273
151266
151261
151255
151275
151269
151737
156621
156619
157157
157154
157150
157145
157141
157585
157582
167147
167149
167144
167139
167133
167128
167121
168980
168976
168971
168964
168959
168954
168948
168942
169302
169322
169317
169311
169305
169300
169295
169290
169314
169308
169303
169297
175706
175706
175700
175695
175690
175684
175677
175672
175689
175684
180041
180040
180035
180029
180022
180017
181959
181956
181951
181945
181939
181934
181928
181923
181952
181947
181941
181935
181930
181925
181919
181914
181920
264572
264568
264563
268120
268119
268112
268107
268101
268096
268090
268085
268100
280393
280393
280385
280380
280372
280367
280361
281946
281943
281938
281933
281927
281921
281913
281908
282197
282193
282188
282183
282178
282172
282166
282159
282176
282171
282164
282159
284747
287778
287777
287772
287767
287762
287757
287751
287746
287793
287790
287783
287778
287773
287769
287763
287758
287753
287780
287774
287767
296427
296428
296423
296419
296414
298792
298789
298784
298779
298773
298768
298762
298757
299019
299016
299009
298858
298849
298843
298838
298833
298851
298846
298839
298833
298827
308140
308140
308133
308128
308122
308117
308111
308105
308124
310119
310116
310109
310104
310098
310091
310086
310081
310099
310092
310087
310079
310074
310069
310064
310057
310064
314647
314647
314640
314633
314628
314744
314739
314734
314756
314751
315171
315169
315162
408917
408916
408912
408906
408902
408898
408892
408888
408930
408926
408920
408915
408910
408905
408899
408894
409025
409018
409013
410267
410265
410244
410238
410228
410218
410211
410206
410236
410229
414306
414306
414301
414294
414289
414283
414277
414272
414397
414393
414388
415173
415171
421504
421507
429715
429718
429713
429708
429704
429699
429695
429689
429685
429730
429726
429720
429715
429711
429704
429699
429692
429719
429715
429711
429706
429701
429695
431543
431542
431534
431529
431525
431520
431514
431509
431504
432104
432101
432097
432091
432087
432081
432469
432466
432461
432456
432452
432446
444020
444024
444020
444014
444010
444006
444000
443994
444040
444033
444029
444022
444018
444011
444007
444002
444031
444026
444022
444018
444011
444007
444002
443997
444025
444021
444015
539121
539127
539120
539117
539111
539107
539102
539099
539183
539180
539175
539170
539165
539160
539160
304003
304004
303990
303983
303978
303937
303931
303925
305230
305234
305229
314198
314202
314200
314196
314193
314190
314185
314180
314368
314368
314361
316676
316679
316673
316668
316662
316658
316653
316648
316704
316700
316696
316689
316685
316679
323594
323181
323176
323169
323165
323155
323149
323143
324658
324657
324652
324648
324644
324639
324633
324629
324679
324675
324672
324668
324664
324660
328207
328209
328204
328201
328196
328192
328187
328184
328256
328255
328250
328245
328239
328236
328232
328229
328284
328283
328279
328277
329202
329197
333202
333208
333205
333203
340879
340885
340880
340878
340875
340870
344759
344765
344762
344759
344754
344749
344744
344739
344799
344794
344788
344782
344777
344772
344767
344760
344795
344790
344787
344782
350673
350675
350670
350663
350656
350650
350645
350641
350704
350699
440763
440834
440828
440821
440815
441157
441153
441147
441480
441476
441470
441720
441714
441708
441701
441834
441829
442240
442359
442353
442348
442844
442839
442831
442825
442820
449234
449232
449381
449376
449368
449362
449354
449349
452592
452589
452582
453160
567632
567631
1557541
1557543
1557539
1560693
1560698
1560694
1560692
1560690
1560688
1560685
1576135
1576138
1576133
1576128
1576122
1576118
1576112
1576108
1576153
1576149
1576145
1576139
1576135
1576129
1576125
1576120
1576148
1576143
1576137
1576133
1576128
1576124
1576119
1576115
1576146
1576142
1576138
1576133
1576127
1576123
1576118
1576113
1576130
1590464
1590466
1590461
1590455
1590450
1590446
1590441
1590437
1590478
1590474
1590470
1590465
1590460
1590454
1590449
1590444
1590472
1590467
1590463
1590458
1590452
1590447
1590441
1590436
1590456
1590452
1592686
1592686
1592682
1592677
1592673
1592667
1592661
1592656
1592688
1592684
1604649
1604652
1604648
1608500
1608501
1608497
1621705
1621709
1621705
1621699
1621695
1621691
1621686
1621478
1621518
1621512
1621507
1621501
1621495
1621490
1621484
1621479
1621507
1621503
1621497
1621493
1621489
1621484
1621478
1621473
1621507
1621503
1621498
1621493
1621489
1621483
1621478
1621473
1621491
1627542
1627544
1627540
1627534
1627529
1627523
1627518
1627514
1627552
1627548
1627542
1637479
1637484
1637482
1637477
1637475
1637472
1637467
1637465
1637541
1637540
1637536
1637531
1640224
1640223
1640219
1640215
1640210
1640204
1640199
1640195
1640232
1640227
1640222
1640218
1640212
1640207
1640202
1640198
1640226
1640222
1640218
1640211
1640207
1640201
1643828
1643841
1643837
1643833
1643829
1648167
1648174
1648172
1648168
1651876
1651878
1651873
1665482
1665486
1665482
1665477
1665473
1665468
1665462
1665457
1665511
1665505
1665500
1665496
1665490
1665486
1665467
1665461
1665489
1665485
1665479
1665474
1665469
1665464
1665459
1665455
1665490
1665485
1665481
1665474
1665470
1665463
1665459
1665453
1665473
1665469
1681861
1681872
1681869
1681866
1681860
1681856
1681852
1681846
1681842
1681908
1681905
1681900
1681896
1681890
1681886
1687097
1687111
1687108
1687103
1687099
1687095
1687091
1687085
1687162
1687159
1687156
1687151
1687148
1687143
1687129
1687121
1687167
1687163
1687158
1687154
1694511
1694514
1694510
1694505
1694500
1694496
1694490
1694485
1694529
1694525
1694521
1698263
1698266
1698262
1698256
1698251
1710525
1710530
1710524
1710519
1710514
1710510
1710506
1710499
1710631
1710628
1710624
1710619
1710617
1710613
1710608
1710604
1710691
1710689
1710685
1710681
1710677
1710673
1710668
1710664
1710708
1714495
1714498
1714492
1714488
1714484
1714478
1714474
1714469
1714465
1714507
1714503
1714497
1731470
1731474
1731471
1731467
1731463
1731352
1731342
1731336
1731832
1731832
1731827
1731707
1731702
1731700
1731697
1731693
1731770
1731768
1731765
1731762
1731760
1731757
1731755
1731750
1731799
1731798
1748791
1748794
1748790
1748785
1748829
1748825
1748818
1748813
1748877
1748873
1748869
1748863
1748859
1748852
1748848
1748841
1748876
1442180
1442129
1442123
1442114
1442110
1442104
1442100
1442132
1442128
1442121
1442117
1442110
1442105
1442101
1442096
1442131
1442126
1442122
1442398
1442394
1442388
1442383
1442378
1442415
1442410
1442406
1442400
1442396
1442392
1442386
1442381
1442411
1442407
1442401
1442397
1442391
1442387
1442382
1442377
1442372
1442400
1442396
1442391
1442386
1442381
1442376
1442371
1446919
1446923
1446918
1446914
1446910
1446906
1446901
1446898
1447035
1447032
1447028
1447023
1448392
1448392
1448387
1448382
1448377
1448373
1448368
1448364
1448493
1448489
1448485
1448480
1448475
1448471
1452290
1452293
1452289
1458303
1458315
1458312
1462521
1462529
1462524
1462518
1478730
1478733
1478729
1478724
1478718
1478714
1479370
1479367
1479363
1480932
1480930
1480926
1480913
1481360
1481359
1481353
1483029
1483024
1483020
1483016
1483509
1483506
1483502
1493956
1493969
1493965
1493962
1493959
1493954
1493951
1493945
1494270
1494269
1494267
1494261
1494255
1494249
1494245
1494241
1494321
1494316
1494311
1494305
1494300
1494294
1494290
1494286
1494282
1494328
1494324
1494320
1494317
1494312
1494305
1494301
1494296
1494325
1494320
1497539
1498901
1498903
1498897
1498894
1498890
1498886
1498881
1498877
1498940
1498935
1498931
1498927
1498923
1498918
1498912
1498908
1498946
1498942
1498937
1499627
1529729
1529733
1529727
1529723
1529719
1529713
1529709
1529703
1529746
1529740
1529735
1529730
1529726
1529721
1532167
1532168
1532163
1532159
1532154
1532149
1532145
1531727
1531716
1531759
1531754
1531749
1531743
1531739
1531735
1531729
1531725
1531749
1531744
1531740
1531735
1574518
1574521
1574515
1574510
1574506
1574500
1574496
1574491
1574537
1574532
1574527
1574522
1574517
1574513
1574508
1574503
1574531
1574525
1574520
1574516
1575401
1575399
1575395
1575390
1575384
1575380
1575375
1575370
1575402
1575397
1575393
1576142
1576140
1576134
1582159
1582163
1582160
1582417
1587851
1587864
1587859
1587855
1587849
1587846
1587842
1587837
1587937
1587937
1587933
1587927
1587923
1589754
1589755
1589749
1589745
1589741
1589735
1589731
1602895
1602899
1602893
1602889
1602882
1602878
1602873
1602869
1602864
1602913
1602908
1602902
1602898
1602892
1602888
1602883
1602879
1602909
1602903
1602898
1602894
1602889
1602884
1602880
1602875
1602902
1602898
1602892
1602887
1616215
1616219
1616214
1616208
1616204
1616199
1616193
1616189
1616236
1616232
1616228
1616222
1616217
1616211
1616207
1616202
1616229
1616225
1616221
1616216
1616211
1616205
1616199
1616195
1616229
1616226
1616222
1616216
1616211
1616206
1616202
1616197
1616193
1616219
1616214
1616207
1616203
1616196
1616192
1623833
1623913
1623910
1623906
1623902
1623897
1623893
1623888
1624047
1624046
1624041
1624037
1624032
1633075
1633078
1633073
1633067
1633062
1633057
1633052
1633047
1639000
1639006
1639001
1638997
1638994
1638990
1638987
1638983
1638978
1639087
1639088
1639084
1638980
1638967
1638963
1638959
1638956
1639027
1639025
1639022
1639020
1639018
1639015
1639013
1639009
1639082
1639077
1639073
1639069
1639052
1639048
1639045
1639042
1639098
1639096
1639093
1639089
1639087
1639084
1639082
1639077
1644389
1644396
1644392
1644387
1644383
1644378
1644373
1644368
1644433
1644429
1644424
1644420
1644415
1644410
1644231
1644225
1644253
1644249
1644243
1644239
1651030
1651038
1651034
1654516
1654520
1654510
1654504
1654502
1654499
1654496
1655544
1655547
1655541
1655538
1655534
1655529
1655525
1655521
1655723
1655719
1655715
1655709
1655705
1671015
1671020
1671017
1671013
1671009
1671006
1671001
1670995
1671049
1671045
1671042
1674823
1674823
1674820
1674817
1674813
1674808
1674805
1674801
1674858
1674855
1674972
1674969
1674965
1674961
1674958
1674954
1675005
1675001
1674997
1674994
1674990
1674987
1674983
1674980
1675024
1675021
1675017
1675013
1675009
1675005
1676124
1676124
1676121
1676117
1676113
1676110
1676106
1676102
1676154
1676151
1676146
1676142
1676138
1676135
1676131
1683626
1683630
1683624
1683621
1683617
1683615
1683611
1683606
1683659
1683656
1683653
1684509
1684511
1684507
1684502
1684505
99105
99057
99041
99092
99088
99085
99080
99075
99072
99066
99062
99110
99106
99098
99093
99089
99086
99081
103410
103412
103406
109542
109544
109538
117025
117027
117021
117016
117011
117006
120690
120691
120685
120639
120632
120626
120622
120615
121573
121572
121565
121559
121555
121545
121539
121535
121787
121783
121780
121776
121772
121767
121763
121759
121909
121907
121901
121895
121894
121890
121884
133501
133500
133494
133488
133483
133477
133471
133466
133883
133880
133874
134044
134039
134034
134029
134023
134276
134272
134266
134260
134255
134250
134244
134238
134256
134250
134245
134240
134235
134229
134224
134216
134212
134613
134610
134605
134599
134994
134990
134984
134978
134972
135204
135200
135195
139115
139113
139108
139104
139098
139092
139088
139083
139798
139396
139388
139382
139375
139368
139570
139566
139559
139554
139549
139543
139536
150403
150401
150395
150390
150567
150561
150556
150550
150670
150843
150839
150833
150838
152285
152281
152275
152268
152262
152256
152250
152501
152496
152491
152485
152477
152471
160329
160326
160320
160313
160576
160572
160565
160559
160553
161295
161292
161593
161634
161627
161622
161616
161610
161795
161791
161785
161791
162942
162939
162934
162929
162923
162917
162912
162906
162900
162907
162900
163547
163543
175897
175896
175890
175884
175878
175872
175865
175859
176059
176931
176927
176922
176917
177934
177931
177924
179364
179361
179356
179351
179346
179339
179332
179327
179614
179610
179604
179599
179593
179586
179580
179573
179582
179576
179571
179565
179558
179553
179546
179940
179935
179929
185666
185663
185658
185953
185949
185941
185935
185930
185923
185918
185920
188613
188610
188603
188598
188593
206502
206499
206494
206488
206641
206636
206631
206635
207502
207499
207491
208540
208535
208530
208521
208516
208510
208503
208497
208724
208719
208712
208706
208699
208816
208810
208805
209624
209620
209614
209607
209734
209728
209722
210381
210377
210370
210365
210360
210363
210656
210660
210654
211182
211177
211172
211175
213818
213819
213814
213806
213800
213794
213787
213964
213960
213955
213949
213942
213936
213930
213922
213928
213923
213916
213910
213905
213899
213891
220499
220494
220488
220482
220477
220471
220465
220459
220461
220456
220869
220863
220858
220852
221549
221544
221379
221369
221363
221357
221867
221861
221856
221850
221851
221845
222324
222727
222721
222716
223098
223093
223087
223089
224595
224590
224583
224578
224572
224566
224561
224554
224916
224911
224893
224886
224881
225000
224996
224986
236806
236801
236796
236788
236783
236775
268763
268767
268762
268757
268753
268748
268742
268737
268780
268776
268769
268972
268968
268963
268959
268954
269003
268998
268994
268987
268983
268978
268973
268968
269002
268998
268992
268987
268982
268978
268973
268969
268995
268989
268871
268866
268860
268855
268849
268843
268868
268864
268858
268854
268849
268844
268840
268834
268865
268858
268853
268848
268837
268829
268824
268818
268846
268842
268836
268831
268827
268821
268815
268810
268805
268831
268826
268822
268817
268812
268806
268802
268795
298970
298971
298967
308009
308013
308008
308003
307999
307992
307988
307981
308108
308105
308100
308096
308090
308086
308081
308076
308103
309371
309369
309363
309359
309355
309350
309344
309339
309382
309387
320788
320791
320787
320784
320780
320775
320771
320765
321007
321009
321007
321003
321000
320998
320994
320990
321053
321051
321046
321042
321038
321033
321030
321025
321076
321070
321075
44181
44062
44055
44048
44042
44037
44032
47981
47988
47985
47982
47977
47975
60872
60876
60870
60864
60859
60855
60851
60843
61965
61967
61964
61961
61958
61955
61950
61874
63011
63013
63007
63002
62997
62993
62989
64590
64597
64594
64590
64586
64584
64581
65555
65564
65562
65207
65203
65198
65194
65190
65257
65252
65248
65244
65241
65236
65231
76800
76801
76797
76792
76787
76783
76778
76773
76820
76816
76809
76805
76800
76796
76791
76786
76816
76810
76805
76801
76796
76792
76786
76782
76815
76809
76806
76800
76795
76791
76786
76779
76798
76792
78046
78044
78040
78034
78133
78129
78124
78119
78151
78147
84569
84575
84571
84566
84562
84556
84552
84548
84620
84616
84613
84608
100810
100815
100810
100806
100802
100798
100794
100790
100934
100931
100927
100921
100918
100914
100909
100905
100954
100950
100946
100942
100937
100933
100929
100925
100979
100975
100972
100969
100966
100962
100960
100957
101335
101346
101350
101348
101343
101340
101336
101330
101479
101478
101475
101472
101469
101465
101463
101467
102316
102316
102311
102307
102301
102296
102291
102287
102282
102322
102319
102312
102308
102301
102297
102292
102286
102317
102311
102307
102302
102297
102291
105909
105981
105976
105973
105969
105964
105958
105954
106021
106020
117439
117445
117441
117436
117433
117429
117426
117422
117418
117486
117484
117481
117477
121730
121729
121725
121719
121714
121709
121705
121701
121744
121740
121735
121730
121725
121721
121716
121711
121707
121735
121731
121724
121720
121716
121711
121707
121701
121733
121729
121725
121719
121714
121710
121704
121700
121721
121717
121711
125435
125437
125433
125426
125422
125418
125412
139987
139991
139987
139983
139978
139974
139971
139967
140044
140051
139896
139888
139885
139880
139877
139873
141018
141017
141011
141006
140999
140995
140990
140985
141113
141110
141106
141101
141095
141090
141085
141080
141107
141103
141099
145664
145668
145666
145661
145658
145655
145651
145647
147212
147213
147208
147203
147199
147193
151617
151622
151618
151612
151607
151603
153776
153777
153773
153769
153763
153759
166405
166411
166408
166404
166401
166396
166393
166387
166467
166463
166458
166454
166451
166507
166502
166499
166571
166568
166563
166560
166555
166551
166548
166543
166586
166581
166577
166573
185610
185614
185610
185605
185599
185594
185589
185583
185628
185624
185620
185614
185610
185605
185601
185596
185592
185624
185618
185614
185609
185605
185600
186984
186983
186979
186974
186970
186964
186961
186941
186978
186974
186970
186965
186959
186954
186948
186943
186939
186966
186963
186957
186952
186948
186944
186939
186935
187044
187039
187035
187031
187026
187022
187017
187013
187042
187038
187034
187029
187025
187020
187016
187009
187035
187031
187027
187021
187017
193754
193759
193755
193752
193748
193744
193738
193735
194087
194088
194084
194079
194075
194072
194068
194064
196804
196809
196804
196800
196796
196793
196790
196786
196860
196851
196843
196840
196837
196834
196831
196827
196882
196878
196874
196869
196866
196862
196858
210420
214916
214919
214913
214909
214904
214900
214895
214891
214887
215931
215873
215866
215861
215856
215844
215840
215835
216439
216418
216413
216409
216404
216393
216388
216384
216961
216953
216948
216855
216849
216838
216833
216829
217421
217413
217409
217405
217400
217389
217385
217380
217418
217409
217404
217400
217395
217375
217369
217365
217397
217390
20722
20676
20664
20657
20652
20646
20663
26793
26796
26790
26785
26772
26751
26745
26740
26785
26778
26773
26764
26759
26753
26749
26743
26772
26767
26760
26755
26850
39225
39227
39223
39216
39211
39205
39201
39194
39238
39233
39226
39221
39215
39209
39204
39024
39014
39041
39037
39030
39026
39020
39016
39012
39007
39031
39027
39023
50801
50807
50804
50802
50799
50797
50794
50791
50882
50878
50872
50867
50863
50858
50853
50848
50890
50886
50882
50876
50872
50868
50864
50859
50914
50911
50905
50902
50898
50895
50891
50889
50956
50954
50950
50943
50939
50934
50929
50925
55497
55501
55495
55490
55484
55480
55476
55470
55514
55510
55505
55499
55494
55488
55482
55477
55503
55498
55494
55489
55484
65615
65623
65620
65615
65612
65608
65604
65599
65669
65667
65662
65658
65652
65648
65644
65639
65636
65704
65702
65697
65693
65687
65683
65680
65674
65711
72306
72310
72304
72300
72294
72290
72285
72280
72328
72324
72320
72314
72309
72303
72297
72289
72315
72309
72304
90529
90532
90525
90521
90516
90511
90507
90502
91184
91181
91177
91171
91166
91161
91157
91152
91784
91781
91775
91771
91764
91760
91755
91750
91794
91789
91784
91779
91773
91767
91762
85635
85660
85655
85649
85645
85639
85635
85630
85626
85652
85647
85643
85637
85633
85629
85624
85618
85614
85642
85637
85633
85628
85624
85618
85614
85609
85636
85631
85626
85622
85617
85612
85607
85603
85629
85624
85620
85615
85611
85606
85602
97168
97172
97168
97165
97162
97158
97155
97152
97811
97893
97890
97887
97883
97881
97878
97873
98003
98002
97999
97996
97993
97989
97986
97982
98033
98030
98027
97891
97887
97883
97880
97877
97921
97918
97915
97911
97908
97905
97901
97898
97936
97932
97929
97926
97923
120327
120330
120325
120321
120315
120311
120307
120301
120297
120425
120421
120416
120412
120407
120403
120400
120394
120524
120524
120521
120517
120513
121937
121938
121933
121929
128242
128247
128244
128239
128237
128234
128231
128228
128429
128430
128425
128423
131806
131810
131804
131801
131797
131792
131787
131784
131858
131855
131851
131844
131840
131834
131830
131825
131857
131853
131847
131843
131836
131832
131827
131822
131852
131847
131842
131837
131832
131827
145370
145376
145374
145372
145368
145366
145359
145356
145513
145512
145505
145501
145496
145491
145486
145481
145532
145526
145522
145515
145511
145506
145501
149136
149137
149132
149126
149122
149116
149111
149106
149867
149865
149861
149857
149851
149846
149841
149835
149877
149873
149867
149863
149859
149852
149848
149841
149875
149868
149863
149859
149854
149850
149844
149840
149866
149862
149855
149851
149845
149840
149470
149463
149482
149478
149473
169125
169133
169130
169127
169124
169120
169116
169112
169222
169221
169219
169217
169214
169212
169207
169204
169264
169261
169257
169253
169251
169246
169242
169236
169305
169302
169297
169291
169287
169283
169278
169272
169305
169293
169286
169280
169276
169270
169265
169261
170639
170641
170636
170631
170626
170622
171099
171095
171151
176436
176438
176432
176428
176421
176417
176409
176405
176600
176597
176593
176587
176583
176578
176573
176567
176599
198468
198471
198568
198565
198560
198555
198549
198543
198597
198592
200211
200210
200206
200201
200196
200192
200185
200180
200224
200220
200219
2123
2054
2045
2040
2035
3364
3364
3359
3355
3352
3349
3346
3343
19479
19482
19477
19472
19466
19461
19453
19445
19437
20138
20137
20131
20127
20121
20113
20107
20098
20140
20133
20128
20121
20117
20111
20107
20101
20137
20133
20127
20123
20116
20112
20107
20102
20130
20125
20121
20115
20109
20104
20099
20095
20122
20117
20112
20107
20101
20097
20090
20086
20115
20111
20106
20100
20095
20089
20084
20078
20102
20096
20091
20039
20031
20026
20021
20016
20038
20032
20027
20022
27158
27232
27230
27226
27221
27218
27213
27210
29638
29640
29636
29631
29626
29621
29615
29610
29604
30213
30212
30208
30204
30199
30194
30188
30182
30230
30226
30221
30216
30212
30206
30201
30196
30222
30217
30213
30208
30203
30199
30194
30189
30312
30309
30304
30299
30295
30291
30285
30280
29844
29836
29831
29825
29821
29816
29810
29805
29828
29824
29818
29814
40341
40345
40341
40336
40331
40327
40323
40317
40362
40359
40354
40350
40345
40340
40335
40330
40359
40355
40351
40345
40341
40336
40331
40326
40359
40355
40349
40344
40338
40334
40328
62818
62821
62816
62812
62808
62803
62798
62792
62837
62833
62828
62824
62818
62915
62911
62906
62942
62937
62933
62928
62922
62917
62912
62907
62942
62937
62932
62927
62922
62917
62912
62907
62903
62929
62925
62921
62915
62911
62906
62901
62896
62922
62918
62913
62908
62903
62898
62894
62889
62914
62909
62904
62900
62896
62891
64228
64228
64222
64218
64213
64208
64203
64199
64239
64234
64228
64224
64219
65040
65039
65035
65030
75688
75690
75686
75681
75676
75671
75666
75660
75786
75782
75778
75773
75769
75763
77624
77625
77620
77615
77610
77606
77601
77596
77732
77729
77724
77720
77715
77711
77705
83225
83225
83219
83215
83985
83983
83979
85195
85199
85194
85190
87286
87288
87283
87279
112020
112022
112017
112012
112008
112004
111999
111995
113981
113981
113977
113971
113967
113963
113958
113953
113995
113990
113985
113981
113976
113972
113966
120473
120479
120476
120471
120468
120464
120459
120456
121542
121545
121543
121540
121537
121532
121529
121526
121522
121610
121609
121605
121598
121594
143182
143186
143182
143177
143172
143168
143163
143159
144872
144984
144983
144978
144972
144968
144962
144958
145537
145535
145531
145525
145520
145515
145510
145344
145387
145382
145377
145373
145366
145362
145356
145352
145380
145376
145370
145365
145360
145355
145350
145346
145372
145368
145363
145358
145352
145347
145342
145336
145332
145361
145357
145351
145347
145340
145336
145332
145326
145352
145348
145344
145337
145333
145328
145324
145318
145400
145399
145393
145388
145383
145378
145483
145478
149768
149771
149767
149761
149757
149750
149746
149741
149781
149776
163279
163285
163281
163284
163282
163279
163276
163271
163368
163367
163364
163358
163355
163350
163346
163342
163401
163398
163392
163389
163384
163380
163376
163373
163412
163409
187608
187610
187604
187600
187595
187591
187585
187581
188290
188290
188284
188280
188275
188271
188258
188251
188292
188288
188282
188277
188272
188268
188264
188258
188294
188289
188285
188280
188276
188272
188266
188262
188290
188285
188281
188276
188272
188266
188263
188258
188254
188281
188276
188272
188266
188262
188257
188253
188248
188293
188289
188285
188281
196357
196370
196378
41366
41322
41311
41298
41290
41348
41270
41265
41260
41252
41245
41239
41233
41269
41265
41258
41254
41248
41238
41232
41226
41340
41336
41332
41327
41322
41316
41310
41303
41298
41328
41323
41317
41313
41308
41304
41299
41293
41319
41313
41309
41304
41300
41294
42602
42602
42596
42591
42586
42580
42576
42571
42567
42609
42604
42599
42595
42590
42586
44046
44047
44043
44036
44032
44028
44023
56830
56836
56833
56829
56824
56819
60661
60665
60660
60657
60651
60647
60644
60638
62641
62440
62432
62427
62423
62418
62414
62409
63165
63164
63159
63155
63150
63146
63140
63136
63194
63191
63186
63181
63177
63171
63167
63161
63197
63193
63189
63185
63180
63176
63171
63166
63201
63197
63193
63188
63184
63178
63174
63169
63197
63377
63373
85511
85513
85509
85503
85499
85495
90771
90774
90769
90765
90759
90755
90751
90746
91649
91648
91643
91637
91633
91627
91622
91617
91897
91895
91890
91884
91878
91873
91867
91862
91906
91902
91896
91892
91887
91881
91876
91871
91867
91895
91890
91957
91953
91957
91952
91949
91945
92040
92041
92036
92032
93532
93541
93537
93533
93529
93525
93522
96309
96312
96307
96303
96298
96293
96290
96283
96328
96323
96319
96312
96308
117940
117946
117942
117939
117936
117933
117930
117925
117990
117985
117981
117977
117974
117970
117967
117965
118013
118010
118005
118001
117995
117992
117988
117984
118039
118034
118031
118026
118021
118017
118012
118008
118056
118054
118049
118045
118040
118037
118033
118030
118078
118076
118074
118070
118065
118058
118054
118050
121965
121967
121961
121957
121952
121946
121941
121935
121931
121976
121972
121967
121962
121956
121952
122894
122891
122887
122882
122878
122872
122867
148917
148921
148916
148910
148906
148901
148896
148890
148934
148929
148924
148918
148824
148814
148809
148804
148928
148923
148919
148912
148908
148904
148898
150392
150391
150386
150380
150376
150369
150365
150358
150391
150387
150260
153953
153959
153957
153955
153952
153949
153947
153941
153939
154009
154008
154003
157276
157277
157271
157267
157263
157257
157252
157247
157286
157281
157277
157273
157268
157262
157257
157250
157279
157273
157268
157264
157258
157254
157249
157244
157265
157261
161399
161557
161553
170607
170611
170606
170602
170597
170592
170586
170581
170623
170619
170614
170609
170604
170599
170594
170590
170613
170609
171860
171858
171850
171845
171839
171834
171828
171823
171848
182596
182602
182598
182595
182591
182587
182581
182578
182715
182711
184908
184909
184903
184965
184965
184961
184955
184949
185019
185014
185009
185004
185000
184996
184990
184985
185018
185011
185007
185000
184995
184988
184984
199105
199108
199102
199097
199091
199086
199082
199076
199950
199952
199950
199945
199940
199934
199930
199923
200549
200547
200542
200538
200533
200528
200522
200517
201142
201140
201136
201130
201126
201121
201117
201110
201150
201145
201140
201136
201130
201126
201121
201116
201140
201136
201130
201124
205207
205210
205206
205201
205196
205191
205186
205180
206119
206120
206117
206113
206109
206105
206100
206096
206090
206741
206742
206737
206733
206730
220522
227082
227088
227083
227080
227067
227060
227057
227051
227240
227237
227233
227229
227226
227221
227218
227214
227209
227258
227255
227251
227247
227243
227240
227234
227230
227276
227273
227269
227265
227261
227258
227253
227248
227295
64654
64613
64604
64601
64596
64593
64589
64632
64629
64623
64619
64616
64302
64296
75035
75038
75034
75029
75023
75019
75013
75008
75626
75624
75619
75615
75609
75605
75600
75596
75633
75628
75623
75618
75613
75608
75603
75598
75632
75824
75831
75827
75823
75819
75815
75811
76051
76051
76046
76043
76037
76034
76150
76262
76367
76367
76365
94901
94908
94903
94904
94900
94896
94893
94891
98988
98991
98986
98979
98975
98969
98965
98960
99747
99746
99742
99738
99732
99727
99721
99717
99892
99888
99883
99878
99873
99869
99864
99859
99855
99849
99845
99840
99836
99832
99827
99822
99818
99812
99807
99802
99797
99793
99788
99782
99777
99773
99768
99764
99759
99754
99749
99745
99741
99736
99732
99727
99722
99718
99713
99709
99705
99698
115933
115949
115944
115936
115931
115925
115918
115913
116125
116120
116113
116108
116102
116096
116090
116084
116096
116090
116084
116078
116072
116066
116061
116055
116072
116066
116061
116055
116049
116044
116038
116032
116040
116034
116029
116023
116017
116012
116006
116001
116007
116001
115994
115989
115983
115977
115972
115965
115970
115963
120243
120238
120233
120227
120221
120216
120209
120204
120211
120206
147172
147170
147162
147157
147150
147145
147139
147731
147727
147720
148741
148737
148732
148725
149225
149220
149213
149207
149200
149195
149188
149183
149648
149643
149636
149630
149624
149817
149811
149805
149800
149793
149795
150551
150968
150963
150957
150952
150946
151093
151087
151081
151084
151671
152229
152101
152095
152088
152082
152560
152556
152549
152544
153094
153091
153085
153079
154161
154157
154151
154145
154139
154465
154459
154453
154447
154441
154436
154430
154937
154931
154926
155420
155415
155408
155403
156970
156965
156959
156953
157315
157311
157306
157301
157293
158741
158736
158730
159180
159177
159171
159164
159158
159149
159144
159136
159131
159715
159711
159705
159699
159694
159688
159681
159676
159974
159971
159965
159959
159953
159947
159940
159933
159943
159938
159932
159926
159921
172557
172555
172548
172543
172538
172531
172526
172521
172908
172901
172895
173019
173014
173009
173011
173463
173456
173451
174854
174849
174844
175084
175080
175073
175067
175060
175053
175048
175052
175046
176711
176708
176701
176696
176689
176684
176678
176673
176865
176860
176854
176849
176844
176853
177528
177525
177518
177653
177649
177642
177637
177861
177857
193269
193275
193272
193268
193265
193261
193257
193251
193337
193336
193333
193329
193324
193319
193314
193310
193378
193375
193369
193364
193359
193355
193350
193346
193402
193398
193394
193390
193387
193383
193379
193377
193415
193412
207298
207301
207295
207291
207286
207281
207277
207271
207300
207296
207290
207286
207281
207277
207270
207266
207293
207289
207284
207279
207274
207268
207263
207257
207253
207284
207280
207275
207271
207265
207260
207255
207250
207277
207272
207267
207263
207257
207252
207245
207241
207265
207261
207257
207251
207247
207241
207237
207230
213952
213953
213949
213945
213940
213935
213864
213855
213906
213903
213898
213892
213888
213882
213877
213870
213899
213895
213891
213886
213881
213876
256277
256281
256275
256270
256265
256261
256256
256251
256294
256289
256284
256279
256275
256270
256266
256260
256286
256282
256277
256271
256267
256263
256258
256222
256344
262159
262162
262157
262152
262147
262143
262137
262131
262181
262177
262173
262168
262155
262151
262146
262147
