38
3
1
2
1
2
1
75
2
2
1
1
2
2
22854
10
2
11399
9
2
2
1
2
2
1
47
2
1
2
1
2
2
1
34
2
2
2
1
2
1
2
30667
12
4
4
4
3
4
4
152
5
4
3
4
3
4
4
102
5
4
4
3
4
3
2755
9
2
1
2
1
2
1
52
3
2
2
1
2
2
1
34
2
2
1
2
1
2
1
29
1
4338
9
2
1
752
5
41319
9
2
3344
9
2
1
2
10586
9
2
1
2
1
2
1
56
2
1
2
1
2
2
1
64
2
2
1
2
1
2
1943
10
4
2
4
2
3
3
70
5
2
3
3
3
3
3
62
2
2
2
2
3
3
13934
9
2
14882
11
3
2
16705
12
5
3
4
3
4
3
141
5
4
3
4265
7
2
2
1
2
2
1
120
7
2
1
3
2
2
2
108
4
2
2
1
2
2
2
60
2
2
2
2
3
2
2
49
3
2
3
2
2
2
3538
9
2
2
1
16870
9
477
3075
12
2
2
3
2
1742
6
2
2
2
1
1780
9
2
2
2
5550
9
2
2
2
1
975
5
1
2
1
2
1
2
592
5
1
1
2
2
1
2
41
2
2
1
8334
10
2
2
2
1
2
2
1251
10
4
3
2
3
3
2
83
14867
9
2
1
2
3730
9
2
11899
12
4
3
4
3
3
3
2126
10
2
2
1
2
2
1
935
10
2
1
4
3
4
3
91
5
2
2
2
3
3
3
71
3
1
1
2
2
1
2
140
6
3
3
3
2
2
2
84
4
2
1
2
1
2
1
33
2
55461
10
2
7061
141
6
3
2
3
3
11
847
7
1
2
2
1
2
1
2
88
2
2
1
2
1
2
1
45
2
2
2
1
2
1
2
25
2
17934
9
3
7030
10
2
1
2
2
1
2
51
2
2
2
1
2
1
2
33
2
2
1
2
2
1
2
32
2
2
1
12614
9
2
13891
12
2
3
2
2
3
2
160
4
2
2
2
3730
10
4
3
369
3
1
2
80
11
4
3
2
3
3
2
68
2
3
2
2
2
3
3
3
69
5
2
3
3
3
3
4
47
4
4
1971
9
2
2
3
2
1789
7
2
2
1
2
2
1
69
5
9927
10
2
1
2
2
14009
12
4448
10
2
1
2
2
1
2
1
51
2
6
2
2
1
2
1
30
10170
10
2
2
1
2
2
1
1235
8
2
1
2
1
2
1
770
8
2
2
2
2
2
2
80
4
2
1
3
2
1
2
49
2
2
2
2
2
2
2
51
4
3
4
3
4
2967
9
5048
13
2
1
3
3
1
1
12546
9
2
2
19755
11
4
2
5
2
2
4
94
6
1
2
1
2
1
2
41
2
2
1
2
1
2
1
41
2
1
2
1
2
1
2
35
2
1
2
1
2
2
1
2
32
2
2
2
1
2
1
2
2600
9
2
2
1
2
1
2
449
4
5886
10
1
2
9849
13
2
3
3
1
1420
7
1
2
2
1
2
13212
10
2
2
1
2
2
1
561
4
1
2
2
1
2
1
325
3
1
2
1
2
1
2
30
2
8426
10
2
1
2
2
1
2
52
2
1
2
2
2
1
1
36
2
1
2
1
2
1
2
40
2
2
1
2
1
2
1
28
2
5764
9
2
1
2
4365
10
2
1
2
12114
10
1
2960
9
2
11162
9
1
2
2
1
2
1
684
5
2
1
2
2
1
1
47
3
1
2
1
2
1
2
46
2
1
2
1
2
1
2
1
26
13941
9
2
1
2
2
1
2
1
53
2
1
2
1
2
2
1
35
1
2
2
1
2
1
2
39
2
1
2
1
2
2
1
35
2
2
1
1
2
2
1
31
2
2
1
2
8540
11
8492
12
3
4791
10
2
2
1
1903
4
2
2
1
19359
11
3
2
2
2
64
8
2740
8
2
1
2
1
2
1
596
5
1
2
1
2
1
2
52
2
2
1
2
1
2
1
34
2
2
1
1
2
2
1
34
2
1
2
2
1
2
1
25
4173
9
2
1
2
2
1
2
48
2
2
1
2
2
321
4
73
2
2
2
12185
10
3
2
2
2
2
3
4114
13
3
20253
77
6
4
3
4
4
3
2050
7
2
1
2
1
2
2
547
4
2
2
1
2
1
2
50
2
1
2
1
2
1
2
2
34
2
1
2
1
2
2
1
33
1
3
2
1
3
1
2
35
2
1
2
1
2
1
2
111
3
2
1
1
2
2
1
40
2
2
1
9011
13
2
6001
14
4
2
2
2
34174
10
1
2
2
1
2
1
897
6
2
1
2
2
1
2
692
4
2
1
2
2
1
1
1517
7
2
2
6
2
1
903
7
3
2
3
10
5
3
74
3
1
2
1
5058
11
3
1
2
2
1
2
65
2
1
2
2
2
2
2
54
4
4
62
28318
14
4
6002
14
3
2
2
2
4
2
80
3
2
2
2
4
1
2
55
4
2
4
14300
15
2
2
2
3
2
2
425
9
3
2
2
3
2
2
78
5
1
2
2
1
2
2
1
42
7324
13
2
2
1
2
2
1
261
2
2
1
2
2
1
1
32
1
2
11776
10
1
2
2
1
2
1
52
2
1
2
1
2
1
2
33
2
2
1
2
2
1
2
30
6067
9
2
2
1
2
1
2
2
49
2
1
2
2
1
12106
9
2
2
1
2
1
2
50
2
2
1
2
2
1
2
34
1
2
1
2
1
2
1
28
2
7363
9
2
2
1
2
2
1
55
2
1
7923
9
2
2
2
2
1
2
42
2
18804
10
1
3
1
2
1
2
54
2
1
2
1
2
1
2
35
2
1
2
1
2
1
2
1
40
2
2
1
2
1
2
2
34
2
2
2
1
2
1
2
32
2
1
2
1
2
1
2
6764
10
2
1
2
2
1
2
60
3883
9
1
2
2
1
2
1
48
2
2
2
1
2
2
1
36
2
1
2
1
2
2
1
927
5
2
2
1
2
5899
10319
13
4
3
3652
9
2
3021
7
2
2
1
2
2
1
49
2
2
1
9133
10
2
1
2
2
1
2
1140
197
2
2
1
2
1313
6
2
1
1
2
2
1
45
2
1
2
2
4795
12
3
3
4
3
3
3
80
6
2
1
1957
7
1
2
1
9063
12
4
3
4
3
4
3
610
7
3
4
3
3
61
3
2
851
7
2
2
3
3
2
2
743
5
2
2
1
2
2
1
68
2
2
3
2
3
2
2
63
5
3
3
10004
9
2
12789
13
3
30989
10
2
2
1
2
1
2
53
2
2
1
2
1
2
1
35
1
2
2
1
2
1
2
102
3
1
2
2
1
2
1
33
2
6501
12
4
3
2
2
2
2
96
6
5034
18
10
5
3
2
3
2
301
5
3
1
2
2
2
3
76
5
1
2
1
2
1
2
64
3
2
2
2
2
2
2
60
5
3
4
3
4
3
3
1316
8
3
3
3
2
3
3
71
4
4
3
3450
9
1
2
2
1
2
1
50
79
8
12295
10
2
12859
8
2
2
1
2
1
1501
6
2
2
1
2
1096
6
1
2
1
2
1
196
49
2
2
1
2
1827
6
1
2
1
2
2
1
45
2
2
1
2
2
1
1
32
2
2
1
919
5
2
2
1
2
1
2
37
6279
7
2
2
2
1
2
1
53
2
3
2
62
3
2
2
76
2
3
2
2
16065
10
2
2
1
2
2
1
56
2
2
2
1
2
1
2
35
2
2
1
2
1
2
1
54
3
4
2
2
2
2
2
2
62
4
4
3
4
3
4
3
68
6
3
2
1
2
11868
10
2
1
2
2
1
2
1
134
3
2
2
2
3
2
3
39
2
2
1
1324
8
2
2
3
9798
10
57
2
2
2
1
2
61
1004
6
1
2
2
1
2
1
50
2
1511
6
1
2
2
1
2
1
909
5
2
1
2
2
675
4
1
2
1
2
2
1
35
15383
9
1
2
1
2
1
2
49
2
1
2
1
2
1
2
33
2
2
1
2
1
2
1
38
2
1
1
2
2
1
2
140
2
2
1
2
1
2
1
32
2
1
2
12417
114
2
1
2
2
1
1
2
50
2
2
1
2
2
1
1
36
1
2
2
1
9949
11
2
4
2
3
2
3
934
6
2
1
2
1
2
1
51
2
2
1
2
2
1
2
31
2
6315
9
2
1
2
1
2
1
525
4
1
2
1
2
2
1
39
2
17755
8
2
1
2
2
1
2
1
53
2
2
1
2
2
2
1
38
1
2
2
1
2
1
2
29
11704
12
11
3
3
3
2
3
108
5
2
2
2
3
2
2
93
6
2
3
3
10
4
3
3
229
6
2
2
2
3
2
2
102
5
3
2
3
4
3
2
73
11297
12
3
3
2
2
2
2
1345
9
4
3
4
2
2
3
976
7
1
2
2
2
1
1
64
3
2
2
3
2
3
2
55
4
4
10
4
2
2
3
57
2
4
3
9932
9
1
2
1
2
2
1
521
4
1
2
1
2
2
1
2
43
2
1
2
2
21841
9
2
1
2
2
1
2
48
2
2
1
2
2
1
2
330
2
2
2
2
3
2
2
6386
9
2
2
1
2
1
2
1452
8
2
1
2
2
1
2
782
5
1
2
1
2
2
1
2
110
3
1
2
1
2
2
1
42
2
2
1
6
2
2
1
34
2
1
2
1
2
2
1
44
2
2
1
2
1
2
1
32
2
2
1
2
2
1
1
28
2
2
7884
12
4
3
4
4
3
4
84
12
4
2
3
3
2
3
57
3
1
2
1
2
2
1
37
2
2
1
2857
9
1
6713
9
1
2
2
1
2
1
54
2
2
1
2
1
2
1
2
35
2
1
2
1
15084
16
2
1
2
2
1
2
631
7
2
1
2
1
2
1
873
4
2
1
2
1
2
1
991
5
2
1
1
2
1
2
575
4
1
2
1
2
2
1
42
2
2
1
2
1
2
1
2
11166
10
2
2
2
1
2
2
49
2
1
2
2
1
2
1
34
2
1
2
1
2
1
2
28
4461
7
1
2
1
2
1
2
2
512
4
1
2
166
2
2
1
47
2
20163
12
2
2
5
2
2
3
86
4
3
3
3
3
1
4
64
4
4
2
4
3
3
2
64
3
2
2
2
4
1
2
2
46
5
6524
11
4
4
4
4
3
4
91
4
2
2
1
2
1
2
43
2
2
1
2
1
2
1
46
2
2
1
2
2
1
2
30
2
1
2
1
6173
11
4
4
3
4
4
3
93
6
3
2
3
3
2
3
312
8
2
2
3
16782
10
2
2
1
2
2
1
324
4
1
2
1
2
1
2
1
45
2
2
1
2
2
2
2
198
3
2
3
1
3
2
1
39
2
2
1
2
1
2
1
33
2
1
2
1
2
1
2
5459
20
3
3
4
3
3
4
86
1680
7
1
2
1
2
1
2
40
2
1
63912
10
2
2
2
1
2
1
297
3
2
1
2
2
1
2
14621
13
3
1
3
3
3
115
4
2
2065
10
2
2
2
2
2
3
74
3
2
2
2
3
2
2
58
4
3
3
3
91
4
1150
78
3
3
4
3
3
3
144
3
2
2
2
2
2
2
56
3
2
2
2
2
2
66537
12
2
3
6213
9
2
2317
7
2
2
1
2
1
5873
10
2
2
1
2
2
1
10369
10
2
1
2
1
2
2
61
2
2
1
2
1
2
1
36
2
2
1
1
2
1
2
40
2
1
2
1
2
2
1
34
2
2
1
2
1
2
1
33
2
1
2
2
1
2
1
36
2
2
1
2
1
2
1
33
2
1
1
2
2
1
1
33
2
2
6
2
1
2
2
1
40
2
2
1
2
1
2
1
40
2
1
2
1
2
1
1
33
2
3
1
2
2
1
2
36
2
2
1
2
2
1
1
34
2
2
1
2
1
2
1
33
2
2
1
2
1
2
1
35
2
1
2
2
1
2
1
37
2
2
1
2
2
1
1
2
34
1
2
1
2
1
2
2
178
7
3
2
2
2
2
2
220
8
3
3
4
3
3
4
61
5
3
1479
6
2
1
2
14781
10
2
2
2
2
1
2
86
427
4
2
1
2
1
2
2
99
5
3
3
4
3
4
3
72
4
4
4
2
3
11
3
71
3
2
1
4
4
1
3
56
4
4
3
2925
8
2
2
2
1
2
1
28037
9
2
2
1
2
2
1
1
51
2
1
2
1
2
1
2
36
2
1
2
1
2
3191
10
2
3
2
2
3
2
869
6
2
1
2
1
2
1
2
432
4
2
1
2
2
2
2
71
4
4
3
4
3
3
4
1558
6
2
1
2
2
1
1
46
2
2
1
1
7506
9
2
1
2
2
1
2
569
4
2
1
2
1
2
2
1
44
2
1
2
2
1
2
1
28
9571
12
2
2
3
2
2
2
86
3
2
2
2
2
3
2
53
3
2
2
2
2
4331
9
2
1
2
2
1
2
50
2
1
2
1
2
16794
10
1
2
2
1
2
1
51
2
1
2
1
2
2
1
34
2
2
1
2
1
2
2
38
2
2
1
1
2
2
1
33
2
2
1
2
1
2
1
2
27
2
4125
7
176
2
2
2
1
2
55
2
2
1
13046
9
2
2
1
2
1
2
581
4
2
1
2
2
1
2
44
108
2
1
2
1
2
1
64
2
2
1
2
1
2
1
36
1
2
1
2
1
2
1
6639
8
2
2
2
1
2
1
52
2
1
2
2
1
2
1
134
3
2
1
5126
10
2
1
2
2
1
2
51
2
2
1
2
2
21203
9
2
2
2
1
2
1
951
4
2
1
2
2
1
1
1808
6
2
2
1
2
1
2
643
5
1
2
2
1
2
1
2
49
2
2
1
2
2
1
2
40
2
2
2
1
2
1
2
38
2
1
2
1
2
1
2
33
2
2
1
1
2
1
2
33
2
1
2
1
2
1
12004
9
2
1
2
1
2
1
57
2
1
2
6
2
2
1
36
2
2
1
2
1
2
1
50
2
2
1
2
2
1
2343
7
2
2
2
1
10849
10
1
2
2
1
2
1
49
2
2
1
2
1
2
1
35
2
1
1
2
2
187
2
1
50
2
12041
10
2
1
2
2
1
2
1
55
2
1
2
1
2
2
1
37
2
2
1
2
1
2
1
40
2
2
1
2
1
2
1
35
2
1
2
1
2
1
2
6063
10
1
2
2
2
1
2
55
2
2
1
2
1
2
1
36
2
2
1
2
11404
13
2
3
2
2
2
2
80
5
4
3
2025
7
1
1
2
2
1
2
51
2
1
2
1
2
7147
8
1
2
2
1
2
1
44
2
1
1809
7
2
3
2
2
3
1
2
639
7
4
3
4
3
2
2589
11
4
2
2
3
2
2
72
4
3
2
2
3
2
11347
9
2
1
2
2
1
2
46
2
2
1
2
1
2
1
35
1
2
2
1
2
1
2
26
17499
64
3
2
3
2
2
2
2
95
4
2
2
2
3
2
2
59
4
1
2
1
5222
9
2
1
2
2
1
2
52
2
1
2
1
2
1
2
29
567
5
1
2
1
2
2
1
43
1
2
2
1
2
1
2
35
85
1
2
2
1
2
734
5
1
8999
9
1
2
2
1
2
1
52
2
1
1
2
2
1
2
26
850
4
2
1
2
1
2
2670
9
2
1
2
3
2
2
2
652
7
2
1
2
3
2
2
60
5
9920
12
2
2
2
2
2
2
74
12
3
3
2
3
3
3
50
2
2
2569
10
2
1
3
2
2
2
73
3
3
2
2
2
2
2
4168
13
3
3
4
4
3
3
91
7
3
1063
9
4
12143
94
2
2
4
2
4
2
114
3
2
2
2
2
2
2
58
2
3
2
2
2
2
3653
9
2
2
1
2
2
1
144
3
1
2
2
2
1
1
40
1
2
1
2
11023
10
1
2
2
2
1
2
50
2
1
2
1
2
1
2
2
29
1
1244
4
2
2
1
2
1
2
37
4623
11
3
2
2
3
2
2
2576
9
1
2
1
2
2
1
43
23157
9
2
2
1
2
2
1
50
2
1
2
1
2
2
1
39
2
2
1
2
2
1
2278
5
106
1
2
2
1
2
44
2
2
2
1
2
1
2
35
2
3
2
3
2
1
20527
8061
9
2
2
1
3877
6
2
1
9047
11
2
1
2
1
2
1
207
3
2
2
2
3
3
3
60
5
3
3
4
4
3
3
59
3
3
3
2
2
3
3
142
5
1
2
2
1
2
1
42
2
2
1
2
1
2
1
2
35
2
1
2
1
2
2
1
34
2
2
2
1
2
1
2
44
4
3
3
2
2
2
2
61
4
4
3
4
4
4
1
62
977
5
2
3485
7
2
1
2
2
105
5
10823
9
2
1
2
2
1
1
120
2
2
2
1
2
1
2
41
1
2
2
1
2
1
605
4
1
3399
6
1
2
2
1
2
1
38
2
1417
8
2
3
2
3
2
2
54
5716
8
2
1
2
2
1
2
40
2
1259
7
1
2
1
2
1
13875
12
2
2
2
2
2
2
76
3
2
3
2
2
2
2
48
5246
11
3
3
3
2
2
2
97
6
3
3
2
254
3
1
58
3
3
1
3
2
2
2
58
4
2
2
2
2
2
3
4936
10
2
1
2
2
1
2
46
3
1
13960
12
3
2
2
3
2
3
70
3
3
2
2
3
2
2
52
2
3
2
2
3
2
2
45
3
9688
12
3
2
3
2
2
3
821
9
2
3
2
3
2
2
69
3
2
2
3
2
3
2
48
2
2
1
2
1
2
1
35
2
2
1
2
2
1
2
1
28
2
1
31403
13
2
2
2
3
2
2
2
102
7
2
2
2
3
2
3
60
3
3
3
4
2
3
2
90
6
2
3
2
3
2
3
2838
11
2
4
2
3
2
2
86
4
4
2
3
4
2
2
69
3
2
2
2
3
2
2
56
2
3
2
2
2
2
2
79
5
3
2
2
3
2
3
517
13
2
2
3
2
3
1
3
95
5
2
2
2
2
3
2
44
14179
19
3
3753
11
3
2
2
11175
13
2
2
2
3
2
2
2
304
8
3
4
3
4
3
836
2202
12
3
2
2
3
2
4
121
6
3
2
2
3
2
4
55
3
5878
9
2
1
2
2
1
1
683
5
1
2
1
2
2
1
66
3
1
2
1
2
1
1
57
4
2
2
2
2
2
2
37
3
2760
12
2
2
3
2
2
2
70
3
2
2
11587
9
1
1
2
1
1
1
74
3
1
2
1
1
2
1
44
2
1
35
1
1
2
1
36
2
4957
7
1
1
1
1
1
1
41
2
1
1
1
1
1
1
23
10912
6
1
1
1
1
1
1
36
1
1
1
1
2
0
1
23
2
1
2
1
2
1
1
32
3
5293
7
2
3
2
3
2
2
54
3
1
1
1
1
1
1
23
1
11612
6
2
1
1
1
1
1
360
3
1
1
1
1
1
1
1
30
1
1
1
1
1
2
0
23
1
1
11526
9
2
1
2
2
1
2
51
2
2
1
1
2
2
1
35
2
1
2
1
2
1
2
40
2
1
1
2
2
1
2
25
2
5109
9
107
2
2
1
8147
8
2
2
2
1
2
1
180
13
4
3
2
3
5705
13
2
3
4
3
4
3
189
5
1
2
1
2
2
1
50
2
1
2
11601
9
2
1
2
2
1
2
128
3
2
2
1
2
2
2
250
2454
8
2
2
1
2
1
2
2
58
2
2
2
2
2
2
5410
8
2
2
1
2
2
1
47
2
2
1
2
1
2
1
30
2
2
20474
10
2
1
2
2
1
2
298
3
1
2
1
2
1
2
40
1
2
2
1
2
1
2
38
2
2
1
2
1
2
1
33
2
2
1
2
2
1
1
29
2
2
1
960
6
2
1
2
6747
9
2
1
2
1
2
1
48
2
2
1
2
3540
6
2
1
2
2270
6
2
1
2
2
1
2
50
2
2
1
2
2
1
2
3728
7
1
2
1
2
1
10508
10
1
2
2
1
2
756
6
3
2
2
2
3
2
2
54
4
861
4
2
1
2
2
1
1
10693
12
4
4
4
3
4
3
217
5
1026
2
611
4
2
2
1
2
1
3598
6
2
2
1
2
2083
6
1
2
2
1
2
1
45
2
2
1
2
2
1
1
26
7797
10
1
2
2
1
2
1
55
2
2
1
2
3063
10
3
2
3
2
2
2
419
5
2
1
2
2
1
1
1459
4
2
1
2
2
1
2
44
2
2
2
4324
6
2
1
2
1
11155
8
2
2
1
2
2
1
48
2
2
1
2
1
2
1
35
2
1
2
1
2
1
2
28
2
14237
13
2
3
2
3
2
3
106
6
3
2
2
3
2
2
69
3
2
3
2
3
2
2
93
5
4
4
4
3
4
3
17761
12
3
2
2
2
2
2
912
6
2
1
2
2
1
2
51
2
1
2
1
2
6
2
42
2
1
2
2
1
2
1
42
2
1
2
1
2
1
2
33
2
1
2
1
2
2
1
122
5
2
2
2
2
2
2
47
17962
11
3
2
4
4
2
4
105
5
3
3
2
3
2
3
75
3
2
3
3
2479
7
2
1794
11
3
2
3
3
4
2
120
7
2
2
3
2
3
2
2
78
5
67
3
10
4
3
3
126
6
2
14917
9
1
2
2
1
2
1
525
4
1
2
1
2
2
1
44
2
1
2
1
2
1
2
31
2
2
6100
11
2
1
2
2
1
2
158
6
2
2
2
2
2
2
69
11067
9
2
2
2
1
2
1
48
2
2
1
2
1
2
1
33
2
1
2
2
1
2
1
27
2
9654
9
1
2
2
2
1
2
119
4
2
2
3
2
2
2
118
3
3
2
2
2
2
3
56
3
1
2
1
2
1
3
33
3
2
2
2
1153
6
2
1
2
2718
6
11355
10
1
2
2
1
2
1
2
44
2
1
1866
6
1
2
2
1
2
1
47
2
1
2
1
2
2
1
6946
9
2
2
2
3
2
1
60
3
2
2420
11
2
2
2
2
14779
13
3
2
2
2
3853
8
2
2
1
2
1
2
48
2
2
2
1
2
1
2
34
2
2
1
112
2
2
1
48
2
2
1
2
2
1
2
34
1
2
1
2
1
2
1
27
2
1
4778
8
2
1
2
2
1
2
48
2
1
2
1
2
1
850
4
2
1
2
1
12092
10
2
1
2
2
1
2
573
4
2
1
2
2
2
2
114
3
1
2
1
2
1
2
2
32
16419
10
1
2
2
2
1
2
53
2
2
1
2
1
2
2
31
2
1
8104
8
2
2
1
2
1
2
49
1
2
2
1
2
1
2
96
3
1
2
1
2
2
1
37
2
1
11031
9
2
1
2
1
2
1
64
2
2
1
2
2
1
1
37
1
2
2
1
2
1
2
39
2
2
1
2
1
2
1
27
2
3971
6
2
2
1
2
1244
5
2
2
1
2
1
2
36
20790
10
2
1
2
1
2
1
49
2
1
2
2
1
2
1
34
2
2
2
1
2
2
1
42
2
1
2
1
2
1
2
33
2
2
1
2
1
2
1
33
1
2
2
1
2
1
2
27
2
1
4342
8
109
1
2
2
1
2
1
12065
11
3
11
4
3
4
2
66
4
1289
9
2
2
2
2
2
2
85
4
192
7
4
2
3087
9
3
2
4
10
4
2
3
86
3
3
9
4
3
3
2
73
3
2
3
2
2
2
2
5219
12
3
2
2
2
2
2838
10
3
1
2
3
3
2
88
5
2
3
2
9318
8
2
1
2
2
1
2
47
2
1
2
1
2
2
1
28
1131
8
3
3
4
3
3
3
61
12881
10
1
2
2
1
2
1
45
2
5929
9
1
2
1
2
2
1
46
2
1
2
1
2
2
1
35
2
2
1
1
2
1
2
41
2
2
1
2
2
1
2
33
2
2
2
1
1
2
1
27
2
2
1
5598
12
2
2
2
2
2
1
211
2
579
5
9126
9
2
2
1
2
1
2
44
2
1
2
1
2
1140
5
1
2
1
2
1
2
42
2
1
1
3630
6
1
2
2
1
1
2
40
2
585
4
11552
9
2
2
1
2
2
1
2
45
2
1
2
1
2
7426
8
2
1
2
1
228
2
75
3
2
3
1
2
3
3
1503
6
2
2
1
2
1
3749
9
1
2
1
2
1839
6
2
1
2
2
1
2
45
2
1
1
2
2
4225
53
2
2
1
2
1
2
52
1270
7
2
3
2
11426
9
1
2
1
2
2
1
46
2
1
2
1
2
1
2
35
1
2
2
1
2
1
2
1
28
10630
11
2
2
2
2
2
2
69
3
2
2
3
3
3
3
70
4
2
1
2
2
1
2
46
2
2
2
1
1
2
2
1
36
2
2
1
2
1
2
1
25
5966
8
2
2
1
701
4
2
1
2
658
6
2
2164
6
1164
8
1
2
2
1
2
1
2
3095
15
4
4
3
3
636
18992
10
2
5593
6
2
2
2
1
594
4
1
2
1
2
2
1
39
2
2
21067
9
2
1
2
2
1
1
595
4
2
1
2
1
2
1
2
43
3
1
2
1
2
2
1
40
2
1
2
1
2
2
1
35
2
1
1
2
2
1
2
32
2
2
1
3032
12
4
2
680
5
1
2
1
2
1
2
46
2
2
1
2
1
2
1
32
2
1
2
58190
13
2
4
4
2
3
3
383
9
2
3
2
4
3
2
79
3
3
3
3
3
2
3
2
72
4
2
4
2
2
2
2
61
3
2
4
3
3
2
3
54
4
2
9
4
923
8
3
3
3
3
4
1
73
4
4
2
3
4
2
3
61
5
3
3
3
3
4
931
7
2
2
2
3
2
4
71
3
2
2
2
3
3
3
59
3
4
3
2
3
3
42015
6
1
8502
7
2
9549
8
1
1
1
2
1
1
113
1
1
1
1
1
0
1
20
1
1
1
0
1
1
768
2
1
1
0
1
1
1
21
1
1
1
1
0
1
1
17
1
1
0
1
1
1
0
19
1
1
1
0
1
1
1
17
1
0
1
1
1
0
1
17
1
1
0
1
1
1
0
1
24
1
0
1
1
1
1
1
18
1
1
1
0
1
1
1
17
1
1
0
1
1
112
1
21
1
0
1
2253
3
1
1
1
1
942
4
1
2
2
2
1961
5
1
0
1
1
1
0
26
1
474
4890
6
544
5
2
1
2
450
4
9571
9
1
1
1
1
0
1865
3
1
1
1
1
0
1
366
26
3
0
1
1
1
1
31
1
1
2
6415
6
1
1
1
1
0
1
23
1
4364
5
1
1
0
1
1948
3
1
1
1
1
0
1
35
1
1
1
1
1
0
1
13
82659
5
1
3564
5
1
1
1
1
0
1
22
12300
6
1
1
0
1
1
1591
4
1
1
1
1
0
1
297
2
1
1
1
1
0
1
23
1
0
1
2595
3037
7
1
2
1
1
1
1
53
3
1
1
1
2
1
1
1
34
1
1
8666
8
1
2
2
2384
4
1
1
1
1
0
1
269
3
1
1
1
1
1
1
25
1
0
1
1
9321
6
1
1
1
1
0
1
25
2003
3
1
1
1
0
1
1
24
1
1
0
1
1
1
0
13
4589
7
0
1
1
124
1
1
29
1
426
4
1
93862
9
2
1
2
2
1
2
50
2
2
1
2
1
2
1
147
4
2
1262
5
2
1
2
1
2
1
36
1
4083
10
2
1
2
2
1
2
132
3
2
793
4
6341
10
8216
9
2
1
2
2
2
1
2
54
2
2
1
2
2
1
2
36
2
2
1
2
1
1854
6
2
1
2
2
1
2
1
606
4
2
1
2
1
394
3
2
1
2
1
11581
10
2
1
2
2
1
1
52
2
2
1
2
1
2
1
35
2
2
2
1
2
1
2
34
2
1
95113
12
2
3
2
2
2
3
90
4
1
2
1
2
7
1
45
2
1
2
1
2
1
1312
11
3
8975
12
4
4
3
3
1
2
194
8
3
2326
10
2
1
2
2
1
2
62
2
2
1
2
2
6922
10
2
1
2
2
1
2
1521
5
1
2
2
1
2
1
56
2
3
2
2
2
3553
10
2
3
2
2
2
2
80
5
3
4
3
4
3
3
62
5
3
4
931
2
4011
13
3
4
7683
13
3
4
4
3
3896
13
3
3
2
2
1
1
66
2
2
1
2
2
1
1
41
2
3
2
5897
11
3
3
2
2
2
3
69
3
90071
80
0
1
0
350
2
0
340
2
0
256
2
0
1
139
1
417
125
1
1
504
1
1
0
1
6420
4
156
1
0
1
0
1
3251
3
1
584
114478
5
989916
10
2
3162
11
4
4
4
4
4
15457
9
2
1
2
2
1
2
51
2
2
1
2
1
2
1
34
2
1
2
1
2
1
2
37
2
2
1
1
2
2
1
23
14339
9
2
1
2
2
1
2
48
2
2
2
1
2
1
2
34
2
2
1
2
1
2
1
28
2
2242
6
2
1
2
2
1
2
38
2
11972
9
2
3858
9
2
13216
10
2
1
2
2
1
2
53
2
2
2
1
2
1
2
34
2
1
2
2
1
2
1
40
2
2
1
2
1
2
1
24
6057
9
2
1
2
2
1
2
44
2
1
9943
13
4
3
4
3
2
4
82
5
3
2
2699
5
2
2
1
2
1
2
43
2
1
2
1
2
1
2
34
2
2
1
2
1
3632
20
3
2
3
4345
14
4
4
3715
10
1
13617
10
2
2
2
2
1
2
61
2
1
2
1
2
2
1
35
2
2
1
2
2
1
2
41
2
2
1
2
1
2
1
27
2
16398
18
4
3
2
3
3
1
2
72
3
2
2
2
2
5220
20
4
2
3
2
2
1
83
5
3
3
3
2
2
2
52
3
2
2
7365
9
2
2
1
2
1
2
50
2
2
3749
9
2
2
1
12282
11
1
2
1
2
2
1
138
5
2
1
4
2
2
2
95
5
3
2
2
2
2
2
50
3795
9
2
2
2
1
2
1
2
50
2
2
16979
11
3
2
2
2
2
2
502
8
2
2
3
4
3
3
84
4
4
3
4
3
4
3
55
5
17000
9
2
1
51
3
1
1
70
2
2
1
2
1
2
1
42
2
1
2
1
2
1
2
40
2
1
2
1
2
2
1
41
2
2
284
3
2
1
2
44
2
2
1
2
2
1
1
38
2
1
2
1
2
1
2
1
34
2
2
1
2
2
1
4556
11
3
2
2
2
2
3
143
4
2
2
1375
6
2
1
2
2
1
2
135
3
2
2
1
2
3826
9
2
6020
19
3
4216
13
2
1
16219
10
2
2
1
2
662
4
2
1575
5
2
2
456
5
2
1687
4
2
2
500
4
2
10462
19
3
3
3
2
3
2
331
8
4
3
2
2
2
2
86
3
2
2
2
2
2
2
2
57
2
2
3
1
2
2
2
35
3
3225
1371
8
2
3
2
2
2
2
69
3
2
2
2
3
2
2
44
3
2
696
30110
10
1
2
2
1
2
1
49
2
1
2
2
1
2453
7
2
2
1
2
2
1
2
49
2
2
1
2
2
1
2
31
2
2
1
42789
10
1
2
2
1
2
1
52
2
2
1
2
2
1
1
34
1
2
2
891
4
2
1
2
2
1
1
38
2
1
758
5
1
6031
12
3
263
5440
19
3
2
2
3
2
1
107
6
2
2
2
1839
7
2
2
2
1
2
13170
10
2
2
1
2
1
2
1
56
2
1
2
1
2
1
2
36
2
1
2
2
1
2
1
35
2
1
1
13334
10
2
1
2
2
1
2
53
2
2
1
2
1
2
2
33
2
2
2
1
2
1
2
40
3
2
1
2
1
2
1
2
32
2
1
2
1
2
7649
87
3
2
2
2
2
2
166
5
1
2
1
9050
10
1
2
1
2
1
2
5959
12
2
3
3
2
3
2
2
116
7
2
3
2
3
3
3
79
5
3
4
4
4
4
3
79
3
2
3
2
3
4
3
64
4
3
3
4
3
4
3
5318
13
2
1
2
2
2
1
72
2
2
2
1
2
1
2
35
2
1
2
6799
14
3
3488
10
4
4
4
3
4
1055
9
2
3
2
2
2
2
208
4
2
2
2
15318
11
3
3
2
3
2
2
60
3
3
3787
8
3
3
2
3
2
2
63
3
124
3
3
2
3
2
57
3
2
3
2
3
2
3
52
3
2
2
2
3
1125
7
3
2
2
3
3
2
60
3
3
2
2
3
2
7502
10
2
3
2
3
2
2
59
3
3
862
8
2
3
9
3
2
2
60
3
3
2
2
3
2
2
58
3
3
2
2
3
2
4335
11
3
6142
10
2
7497
8
1
2
1
2
3691
9
2
1
3
2
2
2
964
6
1
2
2
1
1
2
259
4
3
2
2
2
2
2
157
5
2
1
7
3
2
11623
6
1
1
1
1
1
1
424
3
1
176
1
1
1
0
259
2
1
1
1
1
1
1
25
1
1
1
1
1
1
0
2
409
3
1
1
401
2
1
1
1
239
2
1
3927
4
1
2
1
1
2
1
721
2
1
1
0
1
208
2
0
1
1
0
1
10873
5
0
1
183
1
1
1
128
179
2
0
12
1453
2
1
0
1
1
0
257
2
1
0
0
1
7867
4
1
0
270
2
1
0
1
749
3
307
48
1
1
1
0
192
2
0
12
1158
4
1
1
0
1
1
0
1
14
1
653
3
12360
5
0
1
1
0
1
0
207
878
3
1
1
1024
4
0
1446
4
1
1
1
0
0
1
293
3
0
1
0
1
0
1
15
1
1
0
0
1
0
400
3
0
5744
3
1
301
2
0
0
1
0
1
8
2699
4
0
1
1
17915
4
1
1
159
1
1
10
874
3
0
1056
2
1
0
1
1
0
0
233
1
0
1
0
124
1
1
826
2
0
0
133
1
1
666
2
0
1
1
10
299
12
0
536
2
1
10
2649
7
1
0
0
1
0
183
2
1
0
0
1
0
1
12
1
0
0
1
0
0
6614
3
1
0
1
0
0
1
10
1
420
1
1
0
703
1
1
0
1
0
516
1
1
0
8
1
487
409
1
1
388
1
1
9
1513
2
0
1
0
0
1
0
369
1
1
0
1
127
1
0
11826
3
1
0
1
0
31994
10
2
1
2
2
1
2
51
2
1
209
2
2
2
1
56
2
2
1
2
2
1
1
41
2
1
2
1
2
1
2
33
1
2
2
1
2
1
1
33
2
1
2
1
2
2
1
37
2
1
2
1
2
2
1
34
2
1
1
2
2
1
2
1
33
1
2
2
1
2
2
1
30182
9
2
9048
10
2
1
2
1
2
1
133
4
1
2
1
2
2
1
36
1274
4
1
2
2
1
2
1
51
11
11408
9
3
3
2
2
2
2
248
9
4
3
3
4
3
3
70
4
2
2
2
2
3
2
57
2
11
2036
7
2
2
1
2
1
3956
13
4
4
3
4
12902
10
1
2
1
2
2
1
1128
8
3
3
4
3
4
3
1148
8
2
1
2
2
3
1607
13
3
3
3
4
4
980
15
4
2
3
2
2
3
73
3
2
2
3
2
1
11575
9
2
2
1
2
2
1
54
2
1
2
1
2
2
1
36
2
1
2
1
2
1
2
40
1
2
1
2
2
1
1
25
2
1260
4
2
1
105
2
2
1
39
2
6428
12
3
2
2
2
2
2
78
3
3
1
16210
11
3
2
3
2
2
3
150
4
2
2
3
2
2
2
55
3
3
2
2
2
2
2
61
3
3
3
3
3
4
3
385
17
11
4
2
3
2
2
155
6
3
4
3
3
4
10
857
6
2
2
1
2
1
2
2
47
3
1
2
1
2
2
1
37
1
2
2
1
2
3624
78
2
3
2
2
1
3
74
5
11427
12
2
2
3
3
3
3
3
74
4
3
3
4259
7
2
1
2
1
2
2
50
2
2
2
1
2
1
2
2
36
2
1
2
2
1
2
2
39
2
2
2
1
2
1
2
27
2
2
3730
10
2
1
2
2
1
14581
11
2
3
2
2
3
2
84
13
3
2
3
2
3
2
1153
5
2
1
1
2
2
1
135
3
2
2
1
2
2
1
33
2
2
4571
12
4
3
3
4
2
2
1571
8
2
1
2
1
4430
11
2
2
1
2
2179
8
2
2
1
2
12653
12
3
3
3
2
3
2
86
4
2
2
3
62
2
3
80
3
2
3
2
2
3
2
49
3
2
2
19043
10
2
1
2
1
2
1
51
2
2
1
2
1
2
1
2
38
2
2
1
2
1
1391
4
2
1
2
1
2
1
44
2
2
1
2
1
2
1
2
33
2
1
1
2
2
1
2
115
3
2
2
1
2
1
2
38
2
2
1
2
1
2
1
31
2
2
1
2
6743
11
2
3
2
2
2
2
358
7
2
2
2
3
2
2
2746
11
2
2
2
3
3
3
80
5
3
3
4
3
3
2
61
3
2
2
3
2
2
13568
4503
9
2
2
1
2
1
2
2
1050
5
1
2
1
2
2
1
610
4
1
2
1
2
1
2
582
4
1
2
1
2
1
2
598
4
2
2
1
1
2
1
44
2
1
2
1
2
1
2
37
6
2
2
1
2
1
2
23
6138
9
1
2
2
2
1
2
51
2
2
1
2
1
2
1
35
1
2
1
104
12382
9
2
1
2
1
2
1
52
2
1
2
1
2
1
2
1
35
2
1
2
1
2
2
1
30
2
2
11784
12
3
4
3
4
3
3
97
4
2
1
2
2
1
2
48
3
2
2
2
2
2
2
61
3
2
3
3
4
3
4
73
4
2
1
2
2
1
2
4579
9
2
2
1
2
2
1
50
2
2
1
1
2
1
2
33
2
2
1
2
10137
15
3
3
3
2
2
2
76
5
2
2
2
2
2
2
3
74
5
2
2
2
2
3
1
43
6602
10
2
2
2
2
1
2
54
2
2
2
1
2
2
1
32
2
2
18232
9
2
2
1
2
2
1
689
4
2
2
1
2
2
1
638
4
1
2
1
2
2
1
50
2
1
2
1
2
1
2
35
2
1
2
1
2
1
2
33
1
2
1
2
2
1
1
2
34
2
2
1
2
1
2
1
33
2
1
2
1
2
1
2
32
2
2
1
2
1
2
11573
10
3
4
3
3
3
3
665
89
3
3
3
4
3
2
136
5
4
3
3
3
3
3
57
4
3
3
3
3
3
3
51
4
3
2
3
4
2
3
45
3
3
3
3
22411
9
2
2
1
2
2
1
2
135
3
2
2
3
2
3
1
136
7
3
3
2
1431
7
2
2
6319
12
4
3
4
3
4
3
207
7
3
4
3391
10
3
3
2
2
1
3
81
4
2
1
2
1
2
1
39
2
1
2
1
2
2
1
36
2
1
2
1
2
13550
12
4
4
3
4
2
3
165
5
1
2
2
1
2
1
57
2
2
1
2
2
1
3641
7
2
1
2
2
1
2
767
5
2
2
1
2
2
1
48
2
1
2
2
1
2
1
40
1
2
2
1
2
1
2
33
2
1
2
1
2
1
2
26
2
2
19658
15
3
4
3
4
3
3
116
6
4
4
4
4
3
3
68
3
3
2
4
2
2
2
75
5
1
2
2
2
1
1
39
2
2
1
2
1
2
2
1384
8
2
1
2
2
484
2
62
5291
9
1
2
1
2
1
2
202
3
2
1
2
2
1
2
39
21875
9
103
4
1
2
1
2
60
2
1625
6
2
1
2
2
1
1
52
2
7
1
2
1
2
1
1335
7
1
3
3
4
3
4
16143
10
2
1
2
2
1
2
2
708
5
1
2
1
2
2
1
48
2
2
1
2
1
2
1
43
2
1
2
1
2
2
1
34
2
2
1
1
2
1
2
33
2
1
1
2
2
1
2
35
2
2
1
1
2
1
2
32
2
1
2
1
2
1
2
28
1
2
2
7142
80
4
2
2
3
3
3
2435
8
2
1
2
2
1
2
1
616
5
2
2
1
2
1
2
54
2
2
1
2
1
2
1
33
2
2
1
2
2
1
2
129
4
2
1
2
2
1
1
39
1
2
1
2
2
1
1
29
2
1
2
10535
10
2
2
1
2
2
1
52
3
1
2
1
2
2
1
35
2
2
1
2
2
1
1
40
2
1
2
1
2
2
22496
9
2
2
2
1
2
1
51
2
1
2
1
104
2
1
42
2
2
1
1
2
2
1
41
2
1
2
1
2
2
1
2
33
2
2
1
2
1
2
1
32
2
2
2
1
1
2
1
32
2
1
2
2
1
1343
6
2
2
1
2
1
2
46
2
1
2
1
827
5
2
2
10663
10
2
1
2
1
2
1
132
3
2
1
2
1
1868
7
1
2
1
2
2
1
144
3
2
2
1
2
1
5527
6
2
2
776
4
2
1223
10
3
2
2103
8
1
2
24747
9
2
1
2
2
1
2
1994
6
2
1
2
2
1
2
48
2
1
2
1
2
2
6513
12
3
2
3
2
2
3
1093
9
4
3
3
3
3
3
2
94
5
2
1
2
21594
11
2
1
2
3
1
2
1719
118
5
2
1
2
1
2
585
4
2
2
1
2
1
2
51
2
1
2
1
2
1
2
34
2
1
2
1
2
1
2
33
2
2
1
2
1
2
1
2
35
2
1
2
1
2
2
1
32
2
2
1
2
1
2
1
88
5
1
2
2
1
113
1
4297
9
2
1
2
1
2
1
46
2
13509
12
3
10
4
3
3
2
103
6
3
2
3
2
2
2
65
3
2
3
2
2
2
3
45
4
24205
9
1
2
1
2
1
2
717
6
1
2
1
2
2
1
48
2
2
1
1
2
2
1
42
2
2
1
2
2
1
2
35
1
2
1
2
1
2
1
2
33
2
2
1
2
1
2
1
52
2
2
2
8082
19
14
3
3
2
1
1
64
2
2
1
2
2
1
2
42
2
1
2
1
2
3
2
122
3
2
2
1
2
1
2
1
37
1
2
1
2
2
1
2
32
2
2
1
2
1
1314
6
1
2
2
1
2
1
2
48
2
2
2
1
2
1467
7
2
1
2
2
1
12813
12
3
2
2
2
3848
10
2
3
1
3
2
1
2009
11
1
2
3
2
2
2
762
5
2
2
2
2
2
2
65
3
2
1
2
2
2
2
42
2
2
2
2
2
2
1
41
2
2
2
2
2
2
1
34
186
2
22144
10
2
1
2
2
5282
10
2
2
2
2
2
1
910
5
1
2
2
1
2
1
286
4
2
1
2
1
2
1
50
2
1
2
1
2
1
1
2
34
2
73
4
10
3
3
2
101
7
2
2
1507
16
3
2
2
3
3
2794
9
2
2
1
2
2
1
52
2
2
1
2
21640
12
2
3
4
3
4
2
71
3
2
2
3
3
3
4
57
3
2
2
2
3
2
2
62
2
3
2
1
2
2
2
55
4
3
2
3
3
3
3
55
4
4
3
2
1
2
2
3921
8
1
2
2
1
2
1
2
51
2
2
1
2
2
948
4
2
1
2
1
2
26057
10
2
1
2
1
2
1
51
2
2
1
2
1
2
1
131
3
2
1
2
2
1
1500
5
2
1
2
1
2
1
39
2
1
3702
12
4
4
4
3
4
3
4
78
5
3
3279
7
1
2
2
1
2
1
45
2
2
2
1
2
1
2
35
2
1
2
1
2
1
2
28
2
4147
164
2
9061
10
1
2
2
1
2
1
49
2
1
1
2
2
1
2
30
2
1257
4
1
2
1
2
1
2
33
10754
12
3
3
2
2
2
3
145
3
2221
8
2
68
8
2
2
1
77
2
2
1
2
2
1
2
39
2
2
1
2
1
2
14130
9
2
2
2
1
2
1
880
9
4
2
2
2
2
1
632
4
2
2
1
2
1
2
633
4
2
1
2
1
2
1
46
2
1
2
1
2
2
1
32
2
2
1
4089
9
2
2
1
2
1
2
946
7
3
2
3
2
2
3
2
657
7
2
2
3
13798
6568
12
3
3
2
3
3
2
195
5
2
2
3
2
3
2
3
55
3
2
3
2
3
2
2
54
3
2
3
2
3
2
2
53
3
2
2
3
2
3
2
51
3
2
2
3
2
2
10746
10
2
1
2
2
1
1
624
5
1
2
1
2
1
2
44
2
2
1
2
2
1
1
40
198
14
3
2
3
2
2
247
6
2
3
2
3
123
118
111
7
4
18544
14
3
7
3
3
3
4
4103
9
2
1
2
2
2
1
793
6
2
2
1
2
1
2
181
3
1
2
1
2
2
1
2
1
2
1
2
2
1
1
2
1
2
1
1
2
1
1
2
2
1
2
1
2
1
2
2
1
2
1
2
2
1
2
2
1
16241
23
1
0
1
1
0
1
218
2
0
1
1
0
1
0
18
1
0
1
1
0
1
0
23
1
1
1
0
1
0
1
14
1
1
0
1
1
0
1
13
1
0
1
1
0
1
0
11
1
4286
2
1
0
1
1
0
1
15
1
26974
4
0
1
0
1
0
599
2
1
1027
2
1
0
506
2
0
1
0
1
0
1
471
1
0
1
0
199
1
0
1
0
9
762
423
2
0
1
0
154
1
1
10
595
564
1
1
1
0
485
2
0
1
556
3
1
1
1088
2
0
1
0
332
1
0
1
0
1
0
514
1
1
500
1
0
1
1573
2
0
1
368
2
1
1
0
1454
1
0
456
3
1
0
1
0
1
0
1
590
2
1
0
1
1
0
1
304
3
1
0
1
0
1
0
16
1
0
1
1
12643
4
1
1
1
0
1
1
393
1
1
130
1
1
9
458
0
1
1409
2
1
246
2
0
0
1
0
1
10
0
1671
4
0
1
0
1
0
1
198
3
0
1
1
15
682
3
0
142
1
0
1
230
2
15420
12
3
2
3
2
2
2
92
5
3
2
2
2
2
2
76
4
2
1
2
2
1
2
63
3
2
2
3
2
3
4
45
4
13893
9
1
2
1
2
2
1
48
2
1
2
2
2
1
2
33
2
1
2
1
2
1
2
2
38
2
1
2
1
2
2
1
33
2
1
2
1
2
1
2
31
2
2
1
2
1
2
1
6729
9
2
2
1
2
2
1
58
3
1
1
2
2
2
1
35
2
2
1
2
1
42408
10
2
1
2
2
1
2
49
2
2
1
2
1
2
1
33
2
2
1
2
2
1
2
134
5821
9
2
1
2
2
1
1
57
2
2
1
2
2
1
7
