83413
83984
85699
85708
85715
85721
85727
85800
85807
85813
85817
85822
86406
86416
86420
112131
113707
113714
115008
138382
138390
139365
143037
160421
160988
173208
173215
174514
174522
174527
174532
174613
174621
175034
175035
175523
176088
176095
176100
177393
177403
177408
177529
177576
177583
177586
177591
178251
178260
178267
178273
185694
185702
186019
187594
187603
187608
187614
187620
187625
191835
193401
193407
208367
209334
209340
209346
209352
209358
210383
210391
210397
210497
210505
210591
210598
210602
211371
211380
211387
211452
211460
211508
211514
211519
212065
221750
221757
222058
222953
224522
224528
224533
224538
224545
224551
224555
232600
233105
233113
237628
237968
237976
239526
239533
239537
239543
239547
240154
240162
240167
254788
254795
255119
259783
259789
261606
261614
261686
261692
261697
261703
261707
261712
261716
261722
262248
262253
264426
264432
264891
273722
273729
274031
275502
275507
276078
276086
276089
277785
277791
290818
290824
292140
292676
292682
293098
293104
293110
294528
294532
294661
294670
294728
294735
294741
294746
294752
294755
295076
295084
295089
300423
300941
301428
301435
301898
306414
306420
306897
307582
307589
308090
313849
315424
315430
324721
325044
325051
351388
352376
352382
352387
352393
352399
352403
353298
353305
353312
353319
353325
353331
353335
354408
354414
354421
354492
354497
354504
354509
354514
354518
355364
355371
355375
355381
355388
355392
355397
356043
356050
356056
356611
356945
356952
358511
358503
358595
358602
358608
358805
358811
358817
358822
358826
358944
368594
368619
369427
369450
369458
369464
376043
376070
376080
376085
376091
376096
380449
381790
395890
395914
398110
398119
398126
398132
399970
399977
400689
413323
414444
414450
414457
415138
415146
415151
415157
415163
417085
417092
417098
417098
417104
417107
417113
417119
420890
420897
422229
427897
427904
429427
429436
429888
429893
438700
440202
440210
455214
456741
456750
468280
469252
469259
469266
470198
470204
470211
470217
501697
501704
502033
503341
503348
503355
503361
503367
503371
503377
504257
504264
504270
504275
504281
504286
504290
506440
506448
506455
506460
506465
506471
506475
506481
506487
513148
514155
514163
514170
514176
514181
514185
516153
516162
516168
516172
516177
516182
516094
518957
518965
520244
520251
520258
520263
520269
520273
520278
520864
520872
520877
521629
523595
523603
523607
540277
540285
541629
557078
557086
558067
558077
558081
558087
558093
559304
559312
559317
559324
559330
559334
559339
559344
559348
560044
560052
560058
560062
560068
560073
561381
561388
561394
561400
561405
560870
560873
560879
560884
560887
561743
561752
561759
561763
561769
561775
561781
562211
565798
565805
566247
572209
572216
573433
573440
573446
573451
574961
577873
577881
578212
580707
580708
582130
582139
582144
582149
582301
591365
591372
592740
603829
603836
605186
645787
645796
646451
646460
646466
646471
647775
647785
647790
647796
647800
647805
647810
647815
648609
648615
648622
648627
648618
648621
648626
648633
649633
649640
649649
649798
649804
649809
649814
650801
650812
650753
650758
650764
650770
650772
650778
651631
651640
651646
651649
651654
651658
651664
651668
652234
652240
653572
653581
653586
653591
653596
653602
653608
653611
653617
654034
657192
657199
657854
663946
663953
665469
671556
671565
672483
672489
672496
674008
682838
683145
683152
683738
684183
684184
684190
685453
685459
685464
685532
691971
691978
694209
694217
694223
694298
699759
699767
700059
700590
701054
701062
717844
718148
718156
722419
723395
723403
723410
723501
723509
723512
724241
725885
725894
725897
725989
725997
726001
732104
732111
733875
733882
733950
733958
737163
738914
738921
738927
738995
739002
746147
747929
747938
747943
748009
751248
751256
752468
752476
752481
752574
752579
752586
752592
754264
754271
754278
764404
765441
765449
765455
765523
765528
766166
766174
768139
768146
768151
803708
803716
805084
822807
822814
823159
824679
824687
824694
824800
824807
824813
824818
824824
824828
824833
825555
825562
825567
825664
825671
825675
825681
826423
826431
826436
826531
826539
826544
826548
827708
827715
827722
827562
827568
827575
827580
827581
827587
827592
827597
828220
828227
828318
828324
828329
842133
842140
843488
844640
844648
846147
846152
846239
846246
846252
846470
846477
846972
846979
846984
847049
847469
851748
851753
853117
854584
854591
854917
855420
855429
864987
865942
865950
865955
867647
867654
867659
870571
870904
870908
871236
872786
872795
875269
875902
889633
889640
891104
891112
891118
892276
892286
892292
892386
892391
893001
893010
893015
893089
893096
896833
898363
898369
905621
907092
907099
914439
914739
916541
916549
916553
916651
916657
916663
916667
916673
916678
916972
916980
916985
918209
918216
918221
918323
918330
918334
918340
918345
928542
928549
928849
929381
929390
929869
929877
929884
931624
931632
931637
931704
936860
938382
938390
965522
965862
965865
967125
967132
967137
967226
967234
967240
967245
968067
968074
968080
968177
968184
968190
968194
970186
970195
970200
970302
970309
970314
970320
970324
970329
973007
974220
974229
974234
974325
974333
974337
974342
974992
975000
975005
975094
975103
975108
976761
976769
976774
977477
977812
977820
979494
979501
979505
986455
986790
986798
991032
992187
992196
992202
992300
992308
992313
992316
1003660
1003668
1005413
1005421
1005489
1005494
1010863
1012428
1012448
1012455
1012462
1012468
1012473
1012479
1013038
1013046
1013052
1024736
1024745
1026103
1053039
1053047
1054356
1054363
1054369
1054865
1056283
1056290
1056296
1056403
1056410
1056415
1056420
1056425
1056431
1056435
1057160
1057169
1057175
1057270
1057277
1057282
1057287
1058107
1058116
1058122
1058222
1058230
1058236
1058241
1058246
1058250
1058955
1058963
1058963
1059053
1059062
1059068
1080797
1082268
1082277
1082282
1082370
1082377
1082383
1083038
1083044
1083052
1083140
1083147
1084160
1084168
1084175
1084271
1084278
1084284
1084289
1084295
1084300
1085060
1085068
1085072
1085163
1085171
1085177
1085180
1092074
1092081
1093062
1093068
1093075
1094591
1109948
1111437
1111444
1116931
1118118
1118124
1118131
1118223
1118231
1118235
1118241
1119248
1119255
1119262
1119365
1119373
1119377
1119383
1119389
1119393
1119903
1119911
1119917
1127528
1127878
1127886
1128391
1128729
1128736
1130629
1130637
1130644
1130729
1130737
1143146
1143154
1144036
1157471
1157480
1157822
1158366
1158372
1158703
1160267
1160275
1160280
1160389
1160396
1160401
1160407
1160411
1160416
1160422
1160819
1162960
1162967
1164476
1172144
1172152
1173665
1189968
1189976
1191263
1191269
1191275
1191359
1191367
1191434
1191440
1191919
1191927
1191928
1191995
1217774
1217783
1219290
1220683
1269013
1269020
1270769
1270778
1270784
1316103
1317643
1317651
1317657
1321184
1321915
1321923
1321929
1321994
1322003
1323483
1323491
1323495
1323589
1323596
1323602
1323606
1324000
1324007
1324013
1324078
1350395
1350403
1350898
1359322
1359329
1359905
1359913
1361429
1361437
1361444
1361448
1361454
1361458
1361555
1361562
1361567
1361572
1361578
1362161
1362169
1362255
1362263
1362267
1370198
1370206
1370966
1370974
1370982
1371047
1372820
1372826
1372832
1372928
1372934
1372939
1376369
1376888
1376902
703167
705233
705237
705242
705336
705343
705347
705352
727799
727805
729168
731115
731122
732340
732346
732437
732443
732449
732453
732457
734131
734137
734141
737676
738014
739767
739774
739778
741248
741253
741916
746865
746876
748450
748469
748474
748479
760856
761182
761192
775606
775958
775964
777551
777559
777563
777677
777683
777688
777692
777697
777700
777704
777971
785648
785656
785921
787565
787572
787577
787678
787685
787689
787694
787698
787701
787706
788166
788172
788177
788243
803868
803875
805293
805301
805305
805393
805399
805316
806204
806211
806311
806317
806323
806327
806332
806335
807129
807136
807141
807432
807532
807538
807542
808310
808316
808320
808421
808427
808432
808436
808441
808444
808448
808827
808833
827430
827852
827858
828789
830266
830272
830277
830379
830386
830391
830394
830399
830403
831132
831139
831144
831239
831246
831250
831255
832896
832902
832906
843590
845394
845401
860544
862273
862279
862284
862389
862395
862400
862403
862407
862412
862416
862975
862982
862986
863073
863079
863083
864164
864170
864175
864273
864281
864285
864290
864294
865090
865096
865101
865195
865201
865206
865210
865215
865846
865852
865857
865923
878128
879605
879612
883061
884013
884020
884024
884112
884119
884125
885830
885836
885841
885907
888707
888714
890452
890459
890463
890529
897560
899308
899314
899318
899385
899390
906460
906768
906774
908061
908069
908073
908170
908177
908181
908185
908190
912100
912106
912830
912837
912842
912906
914657
914664
914668
914760
914766
914771
922014
923667
923673
923678
923765
923771
923775
923972
923978
923982
924793
924801
924806
924869
942447
942453
942737
963210
963810
963817
963821
965254
965261
965266
965367
965373
965377
965382
965385
965389
965394
966051
966059
966063
966157
966163
966168
966172
967055
967061
967067
967168
967175
967179
967183
967187
967191
967609
967618
985361
985656
987340
987346
987350
994420
994426
996148
996154
996159
996265
996271
996275
996279
996284
996287
996291
997066
997072
997076
997169
997175
997179
997183
997702
997708
997713
997758
1001464
1001471
1002924
1002930
1002934
1003030
1003037
1003041
1003045
1002953
1003399
1003405
1006975
1007558
1007564
1007569
1008569
1008576
1008581
1008645
1010223
1010230
1010235
1027331
1027337
1028710
1031909
1032646
1032653
1032659
1032725
1032731
1033921
1033928
1033932
1034030
1034037
1034041
1034044
1034049
1034690
1034698
1034702
1034792
1034798
1034803
1038840
1038845
1039559
1039565
1039631
1039638
1052112
1052410
1052417
1054089
1054095
1054099
1077388
1078877
1078883
1078889
1078992
1078999
1079003
1079007
1079010
1079015
1079733
1079740
1079744
1079838
1079844
1079849
1079854
1080767
1080774
1080778
1080876
1080883
1080886
1080890
1080895
1081649
1081656
1081660
1081756
1081762
1081766
1081770
1081775
1083264
1083956
1083962
1084491
1084497
1086010
1086017
1086678
1087631
1087637
1087641
1087730
1087736
1087741
1089453
1089459
1089465
1089528
1100392
1100398
1101888
1116838
1116844
1117429
1117435
1118938
1118946
1121063
1121346
1121352
1122385
1122393
1122399
1126533
1128456
1128464
1128468
1128576
1128582
1128587
1128591
1128595
1128600
1128604
1128608
1128676
1128987
1130988
1130996
1131000
1131096
1131101
1131106
1131110
1131117
1131121
1136978
1150092
1151571
1151578
1151582
1151672
1151679
1151683
1152521
1152528
1152532
1152598
1152604
1154045
1154052
1154141
1154147
1154152
1162060
1162066
1163455
1170643
1170649
1171327
1171950
1172292
1172299
1173286
1173293
1173298
1174778
1174784
1174790
1174879
1174885
1183733
1183739
1184535
1189267
1189273
1190645
1196143
1196148
1197415
1197404
1197408
1197472
1197814
1198237
1198244
1198249
1199367
1199369
1199373
1199440
1199446
1203663
1204432
700582
700575
701251
719447
719453
720517
720524
720528
720617
720623
722043
722049
724714
725147
725153
743899
744203
744210
764398
765581
765588
765849
765967
765973
765979
765985
766434
766441
766447
766539
766545
766549
766554
767779
767785
767788
767881
767945
767949
767951
767954
767958
768376
768381
768385
768468
768474
768477
769484
769488
769492
769590
769595
769598
769601
769603
770398
770404
770407
770499
770505
770508
770511
770513
783066
784846
784852
784854
784919
818288
818292
819348
819352
819356
819451
819454
819458
819462
820463
820468
820472
820571
820576
820578
820581
820584
820587
821387
821393
821485
821490
821492
821494
821488
822312
822255
822260
822360
822366
822371
822375
822379
823187
823193
823198
823289
823296
823299
823303
823308
824224
824231
824328
824335
824339
824343
824347
824351
825247
825252
825257
825359
825364
825368
825373
825379
825383
825940
825947
825952
832968
834295
834305
834309
835775
838679
838686
840183
845460
845466
845908
846318
846325
846921
846928
848908
848915
848919
848987
848993
864280
865417
865424
865429
866024
866031
866037
866105
867283
867291
867295
867400
867406
867411
867415
867419
867424
868106
868113
868118
868208
868215
868219
885962
887347
887353
894516
894884
896185
896191
896197
896301
896308
896312
896316
896320
896324
897099
897105
897111
897205
897210
897214
897219
909506
909513
909870
911369
911375
911379
911490
911496
911501
911505
911510
911515
911520
921733
921740
923323
923330
923424
923431
923436
923440
923444
923901
925327
925334
925338
925439
925445
925450
925454
925459
925402
925405
926085
926090
926093
926187
926191
926195
926199
926644
926651
949876
951061
951067
951071
951165
951170
951172
951975
951981
951983
952080
952085
952087
952090
952896
952900
952903
952997
953001
953004
953006
954695
954699
954704
954767
954771
969242
969530
978002
978007
978698
978701
978704
978765
979955
979960
979964
980064
980070
980073
980077
980082
980086
980851
980858
980861
980954
980960
980964
980968
982442
987603
987610
989022
989028
989032
989132
989138
989142
989146
989151
989154
989493
995935
996613
996620
996625
996689
996696
997210
997483
997490
999416
999423
999513
999518
999523
1012023
1012030
1013417
1022666
1022673
1023902
1023907
1024004
1024009
1024015
1024018
1024024
1024597
1024604
1024608
1075159
1075613
1075619
1075623
1077195
1077204
1077208
1077307
1077313
1077321
1077325
1077329
1077332
1077761
1077768
1077852
1077859
1077863
1078836
1078842
1078846
1078946
1078952
1078956
1078961
1078965
1078969
1079763
1079770
1079775
1079868
1079874
1079879
1079883
1080966
1080973
1080977
1081082
1081089
1081093
1081097
1081101
1081106
1081109
1081415
1081422
1087427
1088899
1088905
1088909
1089011
1089017
1089022
1089026
1089031
1089034
1089770
1089777
1089874
1089880
1089886
1089890
1089895
1090760
1090767
1090771
1090869
1090875
1090880
1090884
1090888
1091788
1091796
1091801
1091901
1091906
1091912
1091916
1091921
1091925
1115594
1116808
1116814
1116818
1116912
1116919
1116923
1116928
1116932
1117647
1117654
1117743
1117750
1117755
1118823
1118830
1118834
1118938
1118944
1118948
1118953
1118956
1118960
1118964
1119548
1119554
1119559
1119623
1119628
1130165
1144207
1144214
1144726
1153173
1154561
1154567
1159862
1160393
1160399
1160404
1161241
1161246
1175742
1176202
1176672
1176679
1202087
1204293
1204300
1204303
1209406
1209410
1210760
1230059
1230065
1231605
1231611
1231706
1231711
1231715
1231720
1231724
1233300
1234441
1234448
1234452
1234554
1234560
1234564
1234569
1234573
1234578
1234581
1234586
1234674
1234679
1234684
1234688
1234693
1255744
1256426
1256434
1256438
1256505
1256512
1257464
1257471
1257475
1257562
1257569
1258631
1258647
589450
589539
589542
589546
589550
589554
589559
590412
590418
590424
590522
590528
590532
590537
590541
590545
603495
604606
604612
604616
605204
605210
605215
605280
606460
606467
606472
606574
606580
606585
606591
606595
606599
607035
607043
607047
610911
613089
613097
613102
613168
620638
620644
620929
633245
633251
634737
649708
649717
650006
651233
651240
651245
651311
653925
653931
655057
655063
655069
655171
655176
655181
655186
655190
655195
655199
655204
655279
655285
655289
656039
656047
656051
656176
656182
656186
656191
656196
656201
656204
656208
656296
656302
656306
656310
656455
656461
670221
670228
671593
673159
673165
674181
674189
674193
674280
674287
675745
675753
675759
675927
675934
708210
709105
709112
709116
709208
709213
709219
710308
710315
710320
710422
710430
710434
710438
710442
710447
711219
711225
711320
711326
711330
711335
711339
711913
711919
711842
713175
713182
713278
713284
713288
713293
713297
713300
714102
714108
714115
714207
714214
714218
714222
714655
714660
719002
720505
720511
725844
726809
726815
726821
728548
728555
728559
728624
739126
739131
739557
741534
741542
743024
746541
747184
747190
752222
752660
752666
753638
755113
755120
777748
779282
784573
784581
785804
785812
785816
785882
786512
786518
787177
787184
787189
787285
787290
787296
787300
794882
796594
796601
796605
796689
796696
796701
796905
796911
796916
798874
798881
798885
798980
798987
798991
798996
813778
813785
815139
824551
826024
826030
826033
826134
826140
826145
826149
826154
826158
826786
826791
826797
826861
827848
827854
827858
827949
827955
827959
829244
829250
829255
829347
829353
829357
847277
847628
847637
848201
848539
848546
850115
850122
850228
850234
850239
850243
850251
850254
850259
850263
850553
854704
855692
855700
855704
857193
857200
873843
875222
875231
888012
888459
889648
889653
896819
897955
897961
898753
898759
898764
913914
915426
915434
915437
915608
921767
921773
923017
929794
929800
931042
931048
931053
931473
950378
951881
951887
953307
955030
955037
955042
955149
955156
955160
955165
955168
955172
955180
955916
955925
955929
956022
956028
956032
956037
956043
956459
962966
963384
963390
973548
974926
974933
979499
980741
980748
980752
980757
994259
994266
994494
1000293
1000300
1000552
1001922
1001927
1001932
1001936
1001940
1001945
1001949
1001954
1001958
1002640
1002646
1002651
1003269
1004655
1004662
1018047
1019429
1022785
1022791
1023623
1025365
1025371
1025375
1030364
1030370
1032639
1032647
1032651
1032655
1035707
1038032
1038039
1038717
1038726
1038730
1049876
1051513
1051519
1051524
1051826
1052361
1052367
1053398
1054891
1054898
1056009
1056015
1056020
1056005
1056009
1056013
1056017
1056021
1056025
1056030
1059718
1061082
1061087
1065630
1072579
1075482
1075491
1077416
1077711
1077717
1077721
1077727
1077731
1077965
1077971
1077975
1077980
1078187
1079847
1079855
1086296
1087593
1087599
1087603
1087608
1087612
1093694
1095084
1095429
1095435
1097058
1103185
1103192
1104744
1132206
1132213
1133768
1148649
1149777
1149784
1149789
1149793
1149798
1149872
1150552
1150558
1150563
1150639
1150645
1150649
1151889
1151897
1151901
1151990
1151997
1152001
1152006
1152010
1152013
1152018
1152653
1152659
1152664
1152738
1152745
1152749
1160887
1161350
1161358
1167015
1167481
1167487
1167491
1169333
1169339
1169344
1169409
1171247
1171254
1171258
1171332
1171338
1171342
1185457
1187046
1187056
1187639
1188569
1188576
1188581
1188651
1188657
1188662
1213403
1214617
1214623
1214629
1214703
1214709
1214713
1215792
1215800
1215804
1215903
1215909
1215913
1215918
1215922
1215927
1216718
1216726
1216731
1216735
1216829
1216835
1216839
1217383
1217389
1217394
1222670
1223429
727641
727631
727698
727704
729570
729576
729662
729668
729674
729868
729875
729880
730205
730211
761117
761564
761571
761576
762853
762860
762864
762969
762976
762980
762984
762988
762993
763784
763790
763886
763894
763898
763902
763907
764619
764625
764631
764718
764724
765636
765642
765647
789144
789151
790544
790550
790554
791887
791893
791992
791999
792003
792007
792012
792016
792747
792754
792758
792851
792857
792862
792866
794535
794541
794545
805279
805285
806594
816066
816072
816410
817712
817720
817724
817824
817830
817834
817838
817842
817846
818419
818426
833491
833499
834600
834609
834613
834684
834691
834695
835885
835892
835896
835989
835996
836000
836005
836009
836570
836576
836582
836670
837002
837008
839038
845380
845387
846942
870037
870044
871711
871717
871722
871831
871837
871842
871847
871852
871856
871860
872580
872587
872592
872688
872695
872699
872703
873509
873516
873520
873615
873621
873625
873630
879117
879122
880604
880611
880703
880710
880717
880722
880726
880731
881100
881106
888451
889393
889400
889406
889495
889502
889506
891235
891244
891248
891311
898045
898051
899333
899339
899404
899410
900622
900629
900634
900638
900710
900715
942529
943412
943418
943425
943514
943520
943525
944605
944611
944616
944715
944721
944726
944730
944734
945378
945384
945388
945480
945486
945490
945495
945499
946414
946421
946518
946523
946528
946532
946536
947446
947454
947458
947556
947562
947566
947571
947575
948363
948371
948375
948467
948473
948477
948484
948487
950139
950145
956947
956954
959216
959225
959229
959317
959324
959328
959333
970746
971093
971100
972898
972905
972909
973008
973014
973018
973023
973027
982857
982863
984596
984603
984607
984707
984713
984717
984721
984726
984729
984734
985379
985386
985391
985480
985486
985492
993769
994119
994126
994922
995947
997313
997319
997325
997422
997428
997433
997437
997441
998424
998431
998533
998540
998544
998548
998552
998556
998959
998966
1005190
1005728
1005735
1018535
1019018
1029448
1029454
1030088
1030095
1030100
1031478
1031485
1031491
1031595
1031601
1031605
1031611
1031615
1031620
1031623
1060742
1062461
1062469
1062473
1062575
1062582
1062586
1062590
1062595
1062600
1062603
1063308
1063316
1063320
1063418
1063424
1063428
1063432
1064303
1064310
1064314
1064417
1064423
1064427
1064432
1064700
1064705
1065241
1065247
1065251
1065348
1065354
1065359
1065363
1067022
1067029
1067033
1069516
1069523
1070036
1070096
1070976
1070983
1070987
1072058
1072064
1072068
1089880
1089888
1091414
1093085
1112124
1112134
1113067
1113073
1113078
1131980
1138277
1138285
1138778
1149321
1150345
1150351
1150355
1151023
1151029
1151034
1151100
1151105
1155251
1156647
1156653
1168060
1169442
1176685
1176692
1178182
1178188
1178193
1178266
1178273
1178277
1178878
1180478
1180484
1180488
1180589
1180595
1180599
1180604
1180608
1180612
1180616
1181252
1181258
1181263
1181357
1181364
1181368
1181372
1181955
1181961
1181966
1198553
1198560
1198890
1237490
1237942
1237948
1237953
1239276
1239285
1239289
1239387
1239394
1239399
1239403
1239408
1239411
1240144
1240151
1240155
1240251
1240257
1240261
1240266
1241177
1241185
1241189
1241290
1241295
1241300
1241305
1241308
1241313
1242100
1242107
1242111
1242209
1242213
1242219
1242223
1243394
1243400
1243406
1243508
1243515
1243519
1243523
1243526
1243530
1243534
1244032
1244039
1244044
1244133
1244140
1244146
1244150
1244899
1244906
1244910
1244976
1267261
1267269
1267938
1267944
1267949
1268015
1269218
1269226
1269231
1269235
1269319
1269325
1269331
1270087
1270093
1270099
1270191
1270200
1270205
1270209
1271015
1271021
1271025
1271119
1271125
1271129
1271133
1271138
1272638
1287164
1287885
1287892
1287897
1287963
1287969
1290256
1290874
1290881
1290894
796724
796721
796722
796821
796826
796831
796836
796840
796845
796848
797505
797511
797516
797611
797617
797622
797626
798043
798050
824023
825480
825486
825491
825593
825599
825604
825608
825613
825616
826395
826402
826407
826505
826516
826520
826524
828471
828478
828482
828585
828881
828886
828889
828894
828898
839684
840158
840163
840167
841939
841945
841949
841952
855086
855094
856571
856577
856581
856674
856680
856683
856687
856690
857411
857417
857420
857514
857519
857522
857524
881566
881468
882177
882182
882186
882189
883182
883189
883192
883283
883225
883228
883232
884212
884221
884226
884321
884328
884332
884338
884342
885136
885142
885239
885246
885250
885254
885258
886163
886169
886173
886277
886284
886288
886293
886297
886930
886938
886942
887007
887013
890895
892121
892127
892132
892231
892237
892242
892246
892826
892832
892836
903120
903127
904886
904892
904958
904964
910402
910742
910748
912494
912501
912505
912605
912610
912614
912618
912622
912624
912629
912961
912966
912969
913036
923234
923750
923755
924358
924664
924669
926512
927157
927162
927166
927254
927258
927261
927264
935048
935053
936399
965925
965930
966906
966911
966915
966986
966990
968119
968126
968130
968134
968138
968229
968235
968239
968941
968947
969040
969045
969048
969051
969054
970027
970034
970039
970138
970145
970149
970145
970147
970561
970567
974269
974571
974578
976123
976131
976136
976239
976245
976249
976254
976259
976264
976267
976829
976837
976841
976905
998632
999971
999977
999982
1002143
1002150
1003430
1003437
1003443
1003604
1003611
1003615
1003620
1003625
1003629
1003633
1003638
1003716
1003723
1003727
1004122
1004128
1004133
1004231
1004238
1004243
1004247
1004252
1004257
1011222
1011571
1011577
1012706
1012712
1012718
1012781
1013765
1013772
1013776
1013782
1015646
1015655
1015659
1015749
1016060
1016067
1030853
1032228
1032235
1035430
1036950
1036957
1036961
1037060
1037068
1037072
1037077
1037081
1037085
1037820
1037827
1037832
1037931
1037938
1037942
1037946
1039584
1039591
1039596
1060054
1060776
1060782
1060787
1060854
1060861
1061760
1061714
1061718
1061815
1061821
1061825
1061829
1062833
1062839
1062844
1062943
1062949
1062954
1062958
1062963
1063761
1063767
1063772
1063869
1063876
1063880
1063884
1063889
1067561
1069373
1069379
1069383
1069388
1082685
1082691
1084476
1084483
1084488
1084559
1084565
1084571
1084782
1084789
1085693
1085700
1085705
1085709
1085713
1085803
1085809
1085813
1087738
1087748
1087850
1087856
1087861
1087867
1087871
1087875
1093087
1093095
1094469
1096495
1096502
1099618
1112010
1112316
1112323
1112890
1114449
1114456
1114461
1114468
1114472
1116264
1116271
1116339
1116346
1138995
1139433
1139440
1139444
1140793
1140800
1140806
1140907
1140914
1140919
1140923
1140928
1140931
1141727
1141734
1141739
1141837
1141843
1141848
1141852
1142587
1142594
1142598
1142688
1142694
1142699
1146590
1147588
1147598
1147602
1147676
1147682
1147688
1149198
1156024
1156031
1156344
1158026
1158033
1158039
1163094
1164748
1164770
1164776
1164782
1164787
1164865
1166500
1166506
1166510
1166514
1166521
1215179
1216680
1216687
1216690
1216780
1216785
1216789
1216792
1219332
1219339
1220433
1220439
1220577
1220583
1220587
1220590
1220594
1220597
1220600
1220606
1220697
1220702
1220705
1220708
1221550
1221557
1221560
1221662
1221666
1221669
1221672
1221675
1221678
1221680
1221685
1221763
1221767
1221770
1221917
1221923
1221919
1221983
1221989
1222599
1222604
1222696
1222702
1222706
1222709
1222702
1223211
1223215
1223219
1223304
1223308
1223311
1223854
1223859
1223958
1223964
1224310
1224315
1224320
1224324
1224328
1224334
1224728
1224734
1224830
1224837
1224842
1224846
1224850
1225233
1232800
1232806
1233109
1237380
1238369
1238375
1238379
1238470
1238477
1238481
1239343
1239350
1239354
1239424
1239437
708664
708664
722145
722110
722574
736202
736211
736533
738269
738276
738282
738378
738386
738392
738397
738403
738407
738709
738716
738722
739957
739965
740066
740074
740079
740084
740089
740095
740631
740639
740645
752331
752338
753636
753644
754977
754985
754990
755087
755094
755100
755105
755110
755115
755709
755717
755723
755787
759872
759880
760412
775331
775339
776893
784037
784744
784753
784760
784766
784772
786001
786009
786016
786021
786027
786032
786038
786043
786553
786561
788086
788094
788101
788155
788162
788167
788172
788178
788183
788189
795980
797364
797372
800564
801661
801668
801674
802799
802808
802815
802819
804765
804773
804779
804785
804791
804796
811623
811630
813002
820477
822752
822761
822767
822773
822779
822784
822789
822795
835031
835746
835753
835760
835767
836828
836836
836842
836849
836854
836882
837364
839021
839028
839035
839089
839096
839101
839106
839111
839117
839121
839126
839821
839829
854337
854344
855662
855670
855676
855683
856923
856931
856938
856995
857001
857006
857012
857017
857022
857689
857696
857702
857708
862826
862833
863314
865553
865560
865567
865572
869306
869314
869602
870158
870167
870476
878749
879754
879761
879767
880843
880852
880859
880865
880870
880873
880878
885226
885235
885521
886009
886017
887382
893008
893015
894371
898058
898067
899460
908265
908558
908565
910434
910443
910450
910455
913728
913735
915318
918339
920070
920078
920083
923066
923074
923622
923629
923635
925232
936449
938007
938015
938022
938027
938033
938743
938750
938757
938763
939981
939944
939942
939948
939953
939957
939963
939968
939973
940527
964253
964243
964525
965628
965635
965642
967328
968665
968673
968681
968687
968693
968699
968704
968709
968714
968720
968725
968731
968736
968742
968748
969217
969225
969233
969239
972529
973668
973676
973683
975424
975433
975440
975446
975451
991288
992688
992696
992703
992708
992714
992720
993871
993880
993886
993943
993949
993955
993960
993966
994442
994450
1023789
1024503
1024510
1024517
1025834
1025843
1025849
1025855
1025861
1025867
1025872
1025877
1025882
1026756
1026764
1026771
1026777
1026782
1026788
1026793
1027697
1027707
1027713
1027718
1027725
1027729
1032321
1033795
1033804
1033810
1033817
1033822
1033827
1033832
1033837
1033842
1034611
1034619
1034626
1034632
1057418
1057864
1057873
1057878
1058627
1058637
1058644
1058651
1058656
1059979
1059988
1059994
1060000
1060005
1060009
1060014
1060019
1060024
1060031
1060960
1060978
1060985
1060991
1060996
1061000
1061005
1061698
1061705
1061711
1063537
1063544
1063551
1063556
1063561
1067114
1067121
1067408
1068133
1068140
1069494
1082072
1082081
1083920
1083929
1083982
1083989
1083994
1083999
1084005
1084010
1084015
1084017
1091961
1093017
1093024
1093030
1093691
1093700
1093706
1093712
1094436
1094444
1094450
1115721
1115729
1116684
1116692
1116699
1116705
1116711
1117759
1117769
1117775
1117781
1117786
1117792
1117797
1118805
1118813
1118820
1118826
1118832
1118837
1118842
1118848
1118853
1119517
1119526
1119531
1121219
1123112
1123120
1146944
1148331
1148339
1149883
1165887
1165895
1166413
1169062
1183749
1183757
1185132
1192319
1192326
1193623
1193630
1193637
1193643
1195232
1195240
1195246
1195253
1195258
1195263
1195268
1195504
1195511
1199862
1200395
1200402
1228278
1229986
1229996
1230002
1230150
1230210
1230218
1230223
1230229
1230234
1230240
1230944
1230952
1230958
1230963
1230969
1230960
1230966
1231931
1231940
1231946
1231951
1231957
1231962
1231968
1232246
1232253
1233940
1233948
1233955
1233961
1233967
1233972
1233977
1233982
1233987
1233992
1234835
1234843
1234850
1234855
1234860
1234865
1244814
1246166
1272742
1272750
1273447
1273454
1273461
1274604
1274614
1274619
1277917
1278613
1278621
1278627
1278673
698715
698706
699911
699917
699921
699926
699929
699932
699936
699940
699943
699946
699951
699955
699959
699962
700368
700373
700376
700381
707760
707766
709856
711425
711431
711437
711440
711444
711448
711452
714586
714592
716131
716137
716142
716147
720967
720973
722345
749919
749926
750619
750625
751696
751703
751708
751713
751717
751720
751723
751726
752688
752696
752749
752756
752758
752762
752765
753907
753913
753918
753922
753925
753929
753932
778802
779528
779533
779539
779544
779549
780790
780797
780803
780807
780812
780816
780821
780825
781564
781572
781577
781582
781586
781590
782734
782743
782748
782803
782809
782814
782818
782822
782826
783494
783502
783507
783512
784656
786486
786494
786499
786504
786508
786513
786516
786520
786872
786878
787306
787313
799212
800972
800977
800982
812164
812171
813862
814661
814667
814674
814679
814683
814688
814692
815377
815525
815530
818107
818114
819685
820355
820361
820366
822484
822491
822496
822500
822505
822509
829799
830962
831433
831441
832595
832603
832608
832612
832617
832621
832625
837398
838556
838562
838567
840175
840182
851061
852610
852617
902198
903718
903726
903730
903736
903740
903744
903749
904628
904635
904642
904646
904650
904655
905545
905388
905391
905386
905388
905391
905395
907518
907523
907528
907533
907537
907599
907605
907609
907614
916304
917279
917286
917292
917296
917299
917303
918278
918284
918289
918294
918298
918302
920733
921462
921469
921473
921476
921479
921482
921485
922579
922585
922589
922586
922587
922591
922595
922597
922599
922602
922598
922599
922603
922606
922602
923082
923087
923091
923493
923502
923506
923510
924196
924202
924208
925147
927025
927033
927038
927042
927048
927052
933898
935982
935990
935995
935999
936004
936008
936011
937571
937577
937849
939557
939564
939569
939623
939628
939631
939634
939636
939639
943641
945023
945027
946438
946444
946449
950703
952674
952681
999147
1000846
1000852
1000857
1000861
1003233
1003239
1004240
1004247
1004251
1004254
1004257
1004259
1005080
1005087
1005091
1005095
1005097
1006167
1006173
1006177
1006180
1006183
1006185
1006188
1011906
1011911
1013004
1013008
1013013
1013015
1013018
1013020
1013681
1015135
1015140
1015144
1015147
1015144
1015144
1015832
1015838
1015842
1017793
1017799
1017804
1017807
1017810
1018889
1018895
1020463
1020469
1020474
1020477
1037580
1037584
1039829
1039834
1039838
1039842
1055828
1057211
1057221
1062701
1064899
1064904
1064908
1064913
1064917
1065081
1065086
1065087
1065090
1065791
1065797
1065799
1066207
1066211
1066214
1066219
1074116
1074633
1074637
1098546
1100371
1100375
1107686
1108898
1108904
1108908
1108912
1108913
1108916
1108920
1109969
1109974
1109978
1109981
1109983
1109987
1109990
1109994
1109996
1116303
1116591
1116576
1118802
1118808
1118813
1118816
1118820
1118825
1118827
1118829
1118832
1118836
1119320
1119327
1119330
1119516
1124924
1124931
1125424
1127486
1127493
1127498
1130745
1132326
1132333
1139292
1140873
1140880
1143817
1144787
1144795
1144800
1144804
1144810
1144814
1146553
1146560
1146565
1157211
1158190
1158197
1158480
1160272
1160279
1160283
1224251
1224666
1224674
1224681
1225923
1225931
1225936
1225942
1225946
1225950
1225954
1225958
1225963
1226727
1226733
1226739
1226744
1226748
1227877
1227885
1227891
1227895
1227899
1227903
1227907
1227911
1227916
1228765
1228771
1228777
1228781
1228785
1228790
1228794
1229784
1229791
1229797
1229801
1229805
1229810
1229814
1229818
1229823
1230766
1230774
1230779
1230784
1230789
1230793
1230797
1230801
1233000
1233007
1233566
1233573
1233578
1234511
1234517
1234521
1237341
1238417
1238424
1238431
1238435
1238441
1238444
1238449
1238453
1238456
1238460
1238465
1238469
1238473
1238478
1239551
1239560
1239614
1239623
1239636
829962
829951
829948
829952
829954
829956
829958
829960
830655
830660
830663
830666
830668
830671
830673
830676
831441
831449
831452
831456
831460
831464
831467
831471
831821
831826
831830
835694
840496
840501
842060
853827
853832
855576
855583
855588
881307
881603
881610
883101
883109
883181
883187
883193
883197
883202
883204
883209
883213
883947
883955
883960
883965
883970
884897
884904
884909
885067
885073
885077
885082
886310
886319
886324
886328
886334
886337
886342
886346
886351
886355
886358
886882
886891
886896
886901
900821
901762
901770
901774
901779
901783
901788
903593
903599
903605
903610
904479
904485
905945
905951
905956
906012
906017
906023
906026
906030
906895
906901
906916
906921
906927
906931
906935
906939
907633
907640
911732
911739
912420
912724
912730
914347
920033
920039
920326
936645
937959
937966
945123
946886
946893
946900
946952
946959
946963
947059
947088
947094
947098
947883
947889
947894
947899
947903
947908
947912
947917
947920
948616
948622
948627
952260
953757
953764
953772
953776
953781
953785
953790
953794
953798
954344
961982
961989
962268
964073
964081
964085
969120
970848
970855
970860
970864
970870
970873
970878
970882
970886
970890
970895
979626
980363
980369
980374
980379
980979
980987
982689
982695
982702
982757
982763
982768
982773
982778
982781
982786
995542
996641
996660
996665
998004
998029
998036
998040
998044
998049
998053
998060
998064
999186
999204
999209
999215
1003433
1003968
1003984
1010152
1010534
1010544
1014440
1016098
1016106
1016110
1016114
1016118
1016122
1016698
1016705
1016709
1016714
1024287
1024293
1025678
1036807
1036816
1037122
1038859
1038866
1038870
1038875
1038879
1038882
1038887
1038890
1038964
1039628
1039634
1039640
1039644
1039647
1039652
1039656
1040211
1061860
1061866
1062314
1062322
1063618
1063627
1063631
1063635
1063640
1063643
1063647
1063652
1063656
1064758
1064786
1064792
1064797
1064801
1064805
1064809
1064814
1064819
1065303
1065310
1065314
1065318
1068027
1069411
1069418
1072937
1073229
1073237
1077449
1078254
1078260
1079218
1079528
1079535
1079541
1080010
1085195
1085202
1085764
1096921
1096928
1097170
1097569
1097575
1098338
1098346
1098351
1098356
1103605
1104293
1104301
1104307
1105954
1105960
1120958
1122331
1134337
1134343
1135437
1135446
1135451
1136225
1136232
1136237
1136242
1140869
1143190
1143198
1143203
1143207
1143211
1147487
1148452
1148459
1148464
1149014
1149022
1160958
1161204
1161644
1161651
1162454
1173317
1173325
1174705
1177867
1177874
1180174
1180183
1180188
1180192
1180166
1180170
1180174
1190474
1191213
1191221
1191227
1191232
1191779
1191786
1193544
1193551
1193557
1193561
1193567
1193570
1193575
1193579
1193583
1193587
1194285
1194292
1194296
1199055
1200224
1200231
1200236
1201880
1201888
1208821
1209046
1209307
1209314
1210610
1210617
1210622
1210627
1211096
1211104
1225360
1225883
1226282
1226288
1227309
1227316
1227322
1227327
1227331
1227336
1228473
1228479
1228485
1228489
1228493
1228497
1228501
1228506
1239875
1239881
1241732
1252740
1252747
1254120
1255858
1279114
1279120
1280673
1284561
1284567
1298972
1325686
1325693
1327482
1327491
1327496
1327500
1327505
1327509
1327512
1327517
1327520
1327525
1328462
1328470
1328475
1328480
1328484
1328535
1328573
1328609
1329229
1329237
1329242
1329246
1329250
1329254
1419273
1421955
1421961
1423483
1423490
1423495
1423500
1423504
1423508
1423513
1423516
1423521
1424330
1424339
1424343
1424347
1424352
1424356
1424361
1425339
1425347
1425352
1425357
1425362
1425365
1425369
1425374
1426261
1426268
1426274
1426278
1426282
1426286
1426291
1427319
1427326
1427332
1427336
1427340
1427345
1427349
1427353
1427357
1428224
1428230
1428236
1428240
1428245
1428249
1428252
1429495
1429502
1429507
1429512
1429516
1429520
1429524
1429529
1429533
1429536
1430531
1430569
1430575
1430623
877385
877371
877366
877367
877370
877595
884353
884350
884746
884752
884756
885736
885742
885747
887140
888136
888143
888148
888152
888157
888161
888164
888169
888173
888176
888182
888186
888191
888194
889011
889018
889026
889031
889035
889039
889042
895462
895468
896093
896097
896102
896106
896109
896112
896116
897073
897079
897081
897084
897088
897092
897094
905546
905551
906536
907139
907147
907858
907863
907867
907871
907875
907879
907882
911814
913390
913396
913400
913405
913816
913853
913883
914138
914145
915830
927341
927347
928774
932856
932863
934101
934435
934806
934812
939383
953025
953032
953366
955790
955797
956520
956528
956532
956536
957723
966131
966138
966769
966775
966779
966782
966786
966789
974627
975771
975777
975782
976612
976619
976624
976858
977598
977605
977609
977614
979493
979499
979504
979508
979512
979516
990314
990320
991688
996497
997192
997204
997210
997214
997219
997222
997226
997231
997637
997645
997650
997655
997659
1011517
1011533
1013137
1013146
1013175
1013181
1013185
1013191
1013650
1013657
1013668
1013672
1015241
1017549
1017556
1017560
1017564
1017568
1017572
1017633
1017639
1017642
1017652
1017656
1017660
1017662
1021418
1021423
1048010
1048471
1048479
1049628
1049636
1049640
1049645
1049649
1049653
1049657
1050618
1050627
1050632
1050700
1050706
1050710
1050715
1051620
1051632
1051637
1051643
1051647
1051652
1051656
1051659
1055675
1055681
1057205
1057211
1057215
1068374
1070073
1070080
1070084
1074459
1074466
1079062
1080676
1080682
1080688
1080764
1080771
1080809
1080815
1080850
1081197
1081771
1081780
1081785
1081787
1082410
1082416
1082421
1083598
1083614
1083619
1083623
1083629
1088015
1088022
1089647
1101107
1101113
1102690
1115698
1115703
1117184
1117191
1117196
1117200
1117205
1117208
1117212
1116511
1117578
1117584
1117587
1117627
1117642
1117645
1117721
1121652
1121657
1123287
1123292
1123296
1123297
1123300
1123303
1123305
1123803
1125784
1125791
1125794
1125798
1125799
1125802
1125804
1125806
1135107
1136217
1136222
1136238
1136242
1144419
1144426
1144893
1145221
1145239
1145592
1155701
1155700
1156952
1156960
1156782
1156783
1158646
1158650
1158653
1158656
1158658
1158661
1188847
1190369
1192418
1192424
1194003
1194009
1194013
1194017
1194021
1194023
1194025
1194028
1194030
1194938
1194945
1194947
1194951
1194954
1194956
1194958
1196633
1196638
1196641
1203186
1203528
1209260
1209266
1209596
1211517
1211522
1211526
1211529
1211532
1211535
1214536
1214540
1215791
1215810
1215814
1215817
1234948
1236047
1236062
1236065
1236544
1236549
1237975
1237980
1238009
1238012
1238015
1238017
1238034
1238038
1238845
1238850
1238852
1238854
1238857
1238859
1238861
1239406
1239410
1241137
1241143
1241146
1241148
1241151
1241153
1247953
1249340
1260438
1260442
1261763
1261768
1261773
1261776
1261779
1261781
1261783
1271833
1272621
1272626
1272631
1272635
1272639
1273331
1274572
1274578
1276633
1276641
1276645
1276650
1276653
1276657
1276659
1276663
1283312
1283317
1284899
1284906
1284909
1284914
1284932
1284950
1284969
1284974
1285334
1285341
1287547
1287554
1287558
1287570
1287574
1287595
1287598
1287603
1287605
1287609
1287646
1291743
1291759
1292193
1316435
1317398
1317405
1317409
1317414
1317417
1318733
1318740
1318742
1318746
1318761
1318763
1318766
1318768
1319610
1319615
1320238
1320243
1320248
1320251
1320255
1320259
1320435
1320443
1320446
1320448
1321282
1322650
1322655
1322659
1322673
1322678
1322680
1322683
1323241
1323248
1323251
1334397
1334401
1335993
1356195
1356201
1357497
1357503
1357506
1357509
1357512
1357514
1357516
1358237
1358242
1358245
1358247
1359645
1359674
1359679
1359682
1359685
1359702
1359705
1359708
1359710
1359727
1360599
1360607
1360610
1360639
1360662
1360665
1360669
1360672
1360685
1360808
1362629
1362635
1362638
1362640
1362643
1365678
1367953
1367958
1367944
1367945
1384080
1383971
1385576
1385581
1385584
1385822
928993
930185
930213
930217
930305
930312
938547
939578
939584
939589
940287
940294
940312
940385
942031
942036
942042
953978
953985
955040
955047
955073
956428
956447
956453
956457
956640
956647
956652
956673
957119
957136
957143
957209
971424
971431
971900
988271
988279
989241
989248
989254
989364
989370
989375
990677
990684
990688
990692
990824
990830
990834
990839
991155
991173
991178
991261
992484
992491
992496
992500
992504
992684
992689
992694
992699
992702
993313
993321
993337
993467
993473
993478
993482
993486
1005661
1006054
1006060
1006644
1008397
1008404
1008458
1008627
1008634
1008655
1008659
1008664
1008668
1008673
1009122
1009129
1009146
1014304
1014826
1014832
1015014
1016732
1016739
1023707
1025238
1025267
1025272
1025356
1025374
1025404
1026017
1026024
1026039
1026106
1038197
1038205
1039222
1039661
1041414
1041444
1041448
1041617
1041640
1041645
1041650
1041654
1041658
1041663
1042085
1042091
1042107
1072179
1072185
1073184
1073192
1073196
1073281
1073287
1074141
1074170
1074175
1074307
1074314
1074318
1074322
1074352
1075221
1075229
1075233
1075364
1075371
1075375
1075380
1075384
1076096
1076104
1076108
1079938
1079945
1081213
1081220
1081224
1081229
1081233
1081237
1081241
1101059
1102054
1102062
1102066
1102071
1102075
1102080
1103159
1103167
1103171
1103175
1103180
1103184
1103188
1104269
1104296
1104301
1104306
1104309
1104313
1104317
1104321
1104414
1105320
1105326
1105331
1105335
1105339
1108791
1108797
1110576
1110583
1110588
1110592
1123783
1123790
1125491
1125498
1125503
1125524
1125576
1126210
1126217
1126221
1126247
1126252
1126257
1127332
1127340
1127358
1127363
1127368
1127372
1127377
1127380
1127449
1127838
1155158
1155166
1156028
1156037
1156041
1139658
1140873
1140880
1140885
1140889
1140894
1140898
1140903
1140906
1140994
1142051
1142073
1142079
1142083
1142088
1142092
1142097
1142100
1142908
1142929
1142933
1142939
1143806
1143814
1143818
1143822
1143827
1143831
1144829
1144836
1144841
1144845
1144848
1144853
1144857
1159149
1159155
1159579
1187170
1187177
1189013
1189021
1189027
1189031
1189208
1189214
1189219
1189223
1189228
1189233
1189675
1189683
1189688
1189693
1189698
1189702
1189705
1190677
1190686
1190692
1190696
1190702
1190705
1190709
1190714
1191626
1191634
1191639
1191644
1191650
1191653
1191657
1191662
1192401
1192409
1192414
1193629
1193637
1193642
1193646
1193651
1193655
1193660
1193664
1194945
1194957
1194962
1194966
1194970
1194974
1194979
1194984
1194988
1201328
1202711
1202719
1210120
1210591
1211102
1211109
1212356
1212364
1212369
1214312
1214319
1214325
1214330
1214334
1214339
1214343
1221069
1223355
1223363
1223368
1223372
1223377
1227488
1228842
1228850
1248245
1249532
1249539
1249544
1249550
1249554
1249559
1250497
1250505
1250510
1250514
1250518
1250522
1250525
1251547
1251554
1251560
1251565
1251569
1251573
1251578
1251581
1251585
1252643
1252650
1267002
1267011
1267313
1267320
1267325
1268935
1270284
1270291
1271574
1271583
1271588
1271592
1271596
1271600
1271604
1272432
1272439
1272444
1272450
1272454
1292970
1292976
1294334
1298137
1298144
1315760
1316251
1316258
1317722
1338947
1338954
1340311
1347691
1348192
1348260
1348551
1349886
1349894
1355333
1355934
1355941
1390573
1391534
1391541
1391546
1393094
1394574
1394581
1395470
1415869
1415876
1416105
1417530
1419335
1419343
1419348
1419354
1419358
1424849
1449232
1449239
1450476
1450483
1450489
1450494
1450499
1450503
1450507
1451554
1451562
1451567
1451572
1451576
1451580
1451585
1451588
1452449
1452456
1452462
1452466
1452470
1452474
1452478
1449212
1450722
1453158
1453164
1454134
1454140
1454228
1454235
1454240
1454849
1454857
1454861
1475659
1475665
1475927
1477156
1477164
1477168
1477263
1477269
1477274
1477278
1478114
1478120
1478126
1478222
1478230
1478234
1478238
1479151
1479157
1479163
1479261
1479268
1479273
1479277
1479282
1479285
1479866
1479872
1479878
1481553
1481559
1481564
1501708
1503218
1503226
1503231
1503326
1503342
915338
915318
915319
915321
916109
916114
916117
916215
916220
916225
916259
917153
917161
917166
917170
917174
917177
917269
917276
917280
917409
918984
926048
926056
926973
926980
926986
928607
928616
928620
928709
928716
928721
928725
956532
958049
958056
958061
958164
958170
958174
958179
958183
958187
959101
959110
959114
959227
959301
959339
959370
959374
959379
959987
959993
960195
960201
960206
960210
960215
960413
962316
962322
962326
962443
962450
962454
962458
962491
962558
962565
962594
962662
962842
976532
976785
976791
1083533
1084013
1084021
1084496
1085248
1085254
1085258
1085262
1085267
1085271
1085275
1085280
1085285
1086351
1086358
1086363
1086367
1086371
1086375
1086378
1086384
1086977
1086982
1086986
1086991
1086995
1087000
1087003
1087008
1088042
1088049
1088054
1088058
1088062
1088066
1088070
1089036
1089043
1089047
1089052
1089056
1089059
1089064
1089069
1089730
1089737
1089742
1093588
1093595
1095136
1095142
1095147
1095151
1095155
1095159
1095163
1095167
1096179
1096184
1096190
1096194
1096199
1096202
1096206
1096211
1096216
1097058
1097064
1097070
1097074
1097077
1097082
1097766
1099226
1099232
1099237
1099242
1099246
1099250
1099254
1099387
1099394
1099398
1099402
1099406
1099410
1099618
1102281
1102335
1103662
1103668
1103587
1103591
1103595
1103599
1103603
1103609
1103613
1103617
1103621
1103625
1103630
1103633
1104637
1104643
1104648
1104652
1104656
1104659
1104664
1104668
1104673
1104677
1104681
1104686
1104690
1104693
1104698
1105034
1105039
1105951
1105957
1107219
1107447
1107454
1107458
1107462
1107467
1107470
1107475
1107479
1107484
1107489
1107493
1107496
1107501
1107840
1107846
1107851
1111876
1111882
1112594
1112600
1112605
1112609
1114661
1114668
1114673
1114678
1114681
1114685
1114689
1117659
1119451
1119457
1119462
1119466
1119471
1120362
1122191
1122198
1122202
1122206
1122210
1130401
1131784
1132528
1132535
1132539
1132544
1132548
1134378
1134385
1134389
1134393
1145495
1146930
1146938
1161990
1162336
1162343
1164037
1164044
1164050
1164054
1164058
1164008
1164011
1164017
1164021
1164025
1164623
1164628
1164633
1164637
1164641
1164645
1164649
1165633
1165640
1165644
1165649
1165653
1165657
1165662
1166674
1166681
1166685
1166689
1166694
1166697
1166702
1166707
1166711
1167278
1180752
1180759
1181297
1197199
1198730
1198737
1198742
1198746
1198751
1198790
1198794
1198799
1198804
1199706
1199712
1199716
1199721
1199725
1199729
1199733
1200679
1200685
1200689
1200693
1200698
1200702
1200706
1200710
1200718
1201699
1201706
1201710
1201714
1201719
1201723
1201727
1201732
1202374
1202381
1202386
1221927
1221966
1222288
1223624
1223631
1223637
1223641
1223644
1223647
1223651
1223655
1223658
1224634
1224641
1224645
1224648
1224652
1224656
1224660
1224662
1225497
1225504
1225507
1225511
1225515
1225518
1229227
1229233
1230608
1233910
1233950
1234207
1235265
1235272
1235276
1235280
1237155
1237162
1237167
1237170
1237174
1240029
1241020
1242776
1242783
1242787
1248359
1248365
1249128
1253625
1253630
1254489
1254796
1256714
1256719
1256724
1256727
1256731
1260250
1261627
1261633
1273353
1274704
1274710
1277863
1279466
1279471
1279476
1279479
1279483
1279487
1279491
1279495
1279498
1280460
1280466
1280471
1280474
1280478
1280481
1280485
1302437
1303159
1303165
1303171
1303174
1304190
1304196
1304200
1304205
1304209
1304214
1305431
1305437
1305443
1305446
1305451
1305455
1305459
1305464
1305468
1306480
1306486
1306491
1306496
1306500
1306505
1306508
1306513
1318765
1318771
1320532
1320538
1320543
1320548
1329858
1329865
1331443
1331449
1331454
1331459
1331463
1331467
1331471
1331476
1332438
1332444
1332448
1332453
1332456
1332461
1332465
1336165
1336172
1337169
1337175
1337181
1337186
1337190
1337194
1338410
1338418
1338422
1338427
1338430
1339150
1339157
1339160
1339165
1339170
1355053
1356233
1356239
1356244
1357181
1357188
1357194
1357198
1357202
1357207
1358176
1358183
1358187
1358191
1358196
1358200
1358205
1360080
902319
902308
902311
902315
902320
906539
907520
907527
907531
908048
912007
912012
913266
913565
913571
913575
956400
957369
957375
957380
957385
957389
957393
958379
958385
958389
958394
958398
958402
958406
959483
959488
959494
959497
959502
959506
959509
959514
959518
965225
965245
965250
965255
965258
965263
965268
965950
965956
965960
965964
965968
965972
965976
965981
965987
966663
966669
966673
966678
966682
966687
966691
966695
966895
966900
967279
967286
967289
978734
979062
979069
979515
979965
979970
979976
981466
981472
981477
981481
981486
981490
981494
981499
981504
981952
989640
989954
989961
998090
999331
999337
999342
999346
999351
999355
999358
1016872
1016879
1018475
1018454
1018460
1018464
1018470
1018473
1018478
1018482
1018487
1018492
1018497
1018500
1018504
1018509
1019366
1019397
1019403
1019407
1019412
1019416
1019420
1019425
1019430
1019434
1020140
1020145
1020150
1020154
1020159
1020162
1020166
1020171
1020175
1034433
1035793
1035799
1051122
1051908
1051914
1051919
1051924
1053005
1053012
1053015
1053020
1053024
1052977
1052980
1052984
1053880
1053888
1053892
1053897
1053901
1053906
1053909
1054975
1054982
1054987
1054992
1054996
1055001
1055004
1055009
1055971
1055977
1055982
1055986
1055991
1055994
1055999
1056003
1056008
1069386
1070746
1070753
1082247
1082607
1082613
1083413
1083908
1083914
1084054
1084060
1084066
1084379
1084824
1084830
1084834
1085900
1085906
1085911
1085915
1085920
1085924
1085929
1086756
1086761
1086767
1086770
1086774
1086779
1114250
1114609
1114615
1115700
1115707
1115712
1115717
1115720
1117466
1117506
1118450
1118674
1118680
1118684
1118689
1118692
1118697
1118701
1118706
1118710
1118715
1118719
1118722
1118727
1118950
1118956
1131910
1132646
1132653
1132657
1132662
1133897
1134213
1134221
1134225
1134231
1134235
1134241
1134246
1134252
1145757
1146753
1146760
1146764
1146769
1146773
1146778
1147813
1147821
1147826
1147829
1147834
1147837
1147841
1148488
1148495
1148500
1160494
1160500
1161784
1161793
1161797
1161802
1161806
1161810
1161814
1162653
1164064
1164070
1164076
1164080
1164084
1164088
1164092
1182074
1182147
1182421
1183977
1183984
1183988
1183993
1183997
1184001
1184005
1184010
1184014
1184019
1184767
1184774
1184778
1184783
1184787
1185524
1185531
1185535
1185540
1187045
1187051
1187056
1187060
1187065
1187069
1187073
1187078
1187083
1187087
1187779
1187786
1187790
1187795
1187799
1187803
1187807
1188235
1188242
1207766
1208519
1208526
1208530
1208535
1209742
1209747
1209753
1209757
1209762
1209766
1209770
1209775
1209780
1210775
1210781
1210786
1210789
1210793
1210798
1210802
1210807
1210812
1211473
1211479
1223210
1223216
1224601
1249955
1250036
1250321
1251606
1251612
1251617
1251621
1251626
1251630
1251634
1251639
1251643
1252627
1252635
1252639
1252644
1252648
1252651
1252656
1252660
1253644
1253653
1253657
1253660
1253666
1253669
1253674
1253678
1253682
1254562
1254568
1254573
1254577
1254581
1254586
1254590
1255238
1255244
1255249
1266864
1267218
1267224
1268781
1268788
1268793
1268797
1268802
1268806
1268810
1268815
1268819
1268818
1269551
1270322
1270329
1270333
1270338
1270342
1271651
1271658
1271662
1271666
1271671
1271675
1271679
1271684
1272443
1272449
1272453
1286654
1286660
1287245
1287667
1288430
1288436
1288441
1288446
1288450
1289478
1289486
1289490
1289495
1289498
1289503
1289507
1290055
1293653
1293658
1294155
1298187
1298193
1299822
1319037
1319045
1320314
1320321
1320327
1320331
1320335
1321504
1321511
1321516
1321520
1321524
1321529
1321961
1321968
1321974
1322608
1322613
1322619
1322623
1322627
1322631
1322634
1322641
1322645
1323147
1327588
1328167
1328173
1328178
1328183
1328187
1336884
1338112
1338118
1338123
1355334
1356339
1356346
1356350
1378564
1378571
1379116
1380544
1380550
1414388
1415377
1415384
1415387
1415939
1437820
1437826
1439609
1439615
1439621
1439625
1439628
1439633
1439637
1439641
1439647
1439651
1440690
1440730
1440804
754899
754897
754903
754908
754915
755489
755496
755502
755507
755513
755518
771447
771455
772796
776260
777563
777570
777577
777583
777588
777593
777598
777604
778559
778567
778573
778578
778583
778588
778594
779535
779513
779519
779525
779530
779536
779542
787598
788341
788349
788355
788361
788366
792926
794493
794501
794506
794512
794517
794523
794528
794534
794540
795043
804150
804158
806128
806136
806142
806148
806547
806554
806560
807549
807558
807563
807570
807576
807580
807586
807592
819888
819895
821264
838527
838535
839254
839263
839269
839275
840566
840575
840581
840586
840591
840596
840603
840608
840615
841596
841604
841610
841616
841622
841627
841632
841638
842619
842627
842633
842638
842644
842649
842655
842661
842666
843512
843520
843525
843531
843536
843541
844982
846658
854814
854852
855190
863445
863461
864755
872147
872155
873441
873448
873455
873460
873466
873471
873476
881703
882200
882208
882213
883352
883360
883366
883370
885168
885176
885181
887707
887716
888096
888102
888108
890304
890311
890317
890322
890327
890332
890338
905749
906105
906113
907407
907416
907422
907427
907433
908433
908441
908446
908886
908894
908901
908906
908912
909512
909519
909525
909531
909536
909542
909546
909553
910339
910346
910352
910357
910363
918426
918962
926911
926919
927838
929690
929698
929705
929710
929716
940906
941307
941314
941321
942609
942617
942624
942630
942636
942640
942646
942651
946526
946534
947282
947290
947297
947303
948554
948563
948569
948574
948623
948631
948699
948731
948738
949131
949139
949144
971051
972327
972336
972344
972349
972355
972360
973520
973528
973535
973540
973546
973552
973557
973562
974440
974449
974456
974462
974468
974473
974478
974483
976318
976325
976327
976333
976338
990404
990412
992277
992288
992296
992302
997986
997995
999479
999488
999495
999500
999506
999512
999517
999522
1000479
1000488
1000495
1000500
1000506
1000511
1000517
1000522
1000527
1001305
1001314
1001320
1003032
1003040
1003046
1003052
1010128
1011234
1011243
1011250
1013072
1013094
1013101
1013108
1013113
1013119
1014771
1016241
1016248
1032615
1033998
1034006
1042593
1043293
1043301
1043308
1043314
1044284
1044291
1044298
1044303
1044310
1044314
1046430
1046438
1046451
1046458
1046463
1046469
1046475
1046480
1046485
1075911
1077675
1077683
1077690
1077697
1077702
1077708
1077712
1077718
1077723
1077728
1078328
1078336
1084278
1085475
1085484
1085490
1085497
1085503
1085508
1085513
1086249
1086257
1086263
1087273
1087281
1088112
1090150
1090158
1090167
1090173
1090178
1090184
1099888
1100199
1100207
1107374
1108536
1108543
1108550
1109432
1109440
1109446
1109451
1109457
1109462
1110032
1131507
1131516
1132125
1157789
1159766
1159775
1159781
1159799
1159805
1159811
1159816
1159837
1159843
1159849
1159855
1160763
1161009
1161017
1161023
1161028
1161033
1161039
1161044
1161610
1161618
1161624
1161630
1168575
1168584
1169350
1169358
1169364
1173798
1174255
1174264
1198736
1199149
1199158
1202302
1203582
1203590
1203597
1203602
1203607
1203613
1203618
1204480
1204488
1204493
1204499
1204504
1204510
1204515
1205569
1205579
1205584
1205590
1205596
1205600
1205606
1213428
1213437
1214432
1214440
1214447
1214453
1214458
1214463
1215301
1215308
1215314
1215319
1216420
1216427
1216434
1216439
1216444
1216450
1216734
1217147
1217154
1218990
1218999
1229596
1229605
1230128
1234440
1234448
1235447
1235456
1235462
1235467
1235472
1236087
1236094
1237789
1237797
1237803
1237805
1237810
1237815
1248837
1250653
1250662
1250668
1250674
1257897
1257904
1258143
1259490
1259499
1259505
1259511
1259517
1259522
1259528
1259533
1259538
1260428
1260435
1260443
1260449
1260454
1260460
1264835
1266606
1266615
1266621
1266627
1266632
1266638
1266642
1266648
1266654
1266658
1267178
951697
953081
968667
970061
970069
991743
993040
993047
993054
993060
993066
993071
993077
993960
993968
993974
993979
993986
993990
993996
994001
994988
994996
995002
995009
995014
995020
995025
995908
995917
995923
995930
995935
995940
995945
997248
997257
997263
997269
997274
997280
997284
997290
997296
997300
997885
997892
997899
999809
999817
999824
999829
999835
999840
1018143
1018663
1022841
1022849
1023803
1023811
1023818
1023824
1023830
1023835
1025040
1025048
1025055
1025061
1025066
1025072
1025077
1025083
1025831
1025840
1025847
1025852
1025858
1026445
1027966
1035835
1035843
1036882
1036890
1036896
1038669
1038678
1038685
1038690
1043837
1043845
1045412
1050651
1052245
1052253
1075420
1077136
1077145
1077151
1077158
1077163
1077168
1077966
1077975
1077982
1077988
1077993
1077998
1078987
1078980
1078986
1078993
1078997
1079003
1079008
1079014
1079899
1079908
1079915
1079920
1079926
1079931
1079936
1079942
1087768
1088991
1089000
1089006
1089012
1089018
1089024
1089028
1089622
1089630
1089636
1091544
1092972
1092980
1092986
1092993
1092998
1094819
1094828
1094835
1094841
1094847
1101860
1101868
1102848
1102856
1102862
1103952
1103962
1103968
1103974
1103980
1103984
1103990
1116607
1118191
1118198
1125116
1125878
1125888
1125895
1125900
1125906
1126891
1126899
1126904
1126908
1126914
1126919
1126923
1128493
1134962
1134969
1135674
1135643
1135713
1135720
1136714
1136721
1136728
1136800
1136808
1136814
1180463
1181878
1181887
1181895
1181990
1181998
1182003
1182008
1182013
1182019
1182721
1182730
1182736
1182806
1182814
1183710
1183718
1183725
1186317
1186356
1187476
1187485
1187491
1187497
1187599
1187606
1187612
1187618
1187623
1187629
1187634
1187639
1187711
1187718
1188374
1188382
1188388
1188518
1188525
1188531
1188536
1188542
1188546
1188552
1188557
1188644
1188652
1188657
1188929
1188936
1188943
1189014
1189022
1189026
1189295
1189303
1189308
1189876
1190592
1190601
1190607
1190673
1190680
1192545
1192554
1192559
1192631
1192638
1192644
1202483
1203853
1207099
1207139
1207612
1207619
1207626
1209388
1209397
1209403
1209468
1213025
1213733
1213742
1213747
1213817
1213824
1214235
1216053
1216061
1216068
1216133
1235820
1235829
1236715
1236723
1236729
1236795
1237981
1237990
1237997
1238093
1238154
1238223
1238256
1238263
1238268
1238870
1238878
1238884
1238959
1238967
1238972
1238978
1239958
1239967
1239973
1239978
1240074
1240144
1240475
1245905
1245913
1246896
1246905
1246911
1248472
1255015
1256020
1256029
1256034
1256540
1256834
1260457
1261687
1261696
1261702
1261767
1266859
1266866
1268218
1278932
1278941
1279533
1282236
1282245
1282934
1296352
1297166
1297174
1308342
1310621
1310630
1310636
1310705
1310712
1319084
1320613
1320621
1320627
1322760
1322770
1322775
1322870
1322877
1322883
1322888
1324658
1324667
1325180
1330075
1331063
1331071
1331076
1331542
1331549
1344290
1344526
1344534
1363054
1363799
1363808
1363814
1363881
1364821
1364829
1364834
1364914
1364922
1364927
1364933
1364938
1365792
1365800
1365891
1365899
1365904
1365910
1365916
1366877
1366885
1366891
1366985
1366993
1366998
1367004
1367009
1367783
1367786
1367792
1367868
1367875
1367881
1367887
1369375
1369384
1379864
1381067
1381074
1381081
1381717
1381725
1381731
1381797
1381805
1382887
1382895
1382993
1383001
1383006
1383012
1383018
1383023
1395908
1395915
1397004
1397011
1397750
1397757
1397764
1397830
1397837
1399541
1399548
1399554
1399559
1399637
1399644
1399650
1399656
1408645
1408653
1410199
1435952
1435959
1436633
1436642
1436647
1438023
1438031
1438251
1438259
1438264
1438270
1438275
1438281
1438864
1438872
1438877
1438957
1438964
1438970
1438975
1439799
1439807
1439812
1439818
1439823
1439895
1439902
1440754
1440763
1440768
1440835
1440841
1444936
1445583
1445590
1445597
1446627
1446635
1446641
1446708
1463034
1463055
1463492
1465614
1465624
1486985
1487968
1487976
1487983
1508637
1513047
1513055
1514102
1514111
1514117
1514760
1514768
1514774
1514840
1531483
1531491
1532862
1036064
1037137
1037144
1037149
1037242
1037249
1037255
1037260
1037266
1038054
1038063
1038141
1038149
1038155
1038160
1038165
1038957
1038965
1038971
1039037
1050279
1051285
1051296
1051337
1051933
1051941
1051947
1052017
1052025
1053241
1053249
1053255
1053634
1053641
1061608
1061616
1061891
1064705
1064713
1066999
1067007
1067013
1067109
1067117
1067122
1067128
1070241
1071641
1071650
1074798
1076211
1076218
1083299
1083709
1083718
1083723
1084979
1084986
1084993
1085060
1085979
1085987
1085993
1086070
1086076
1086082
1086087
1087580
1087588
1090263
1091266
1091273
1091279
1091777
1091785
1095940
1097356
1112502
1112510
1112773
1117057
1117065
1118030
1118038
1118045
1118117
1118123
1119290
1119299
1119305
1119419
1119452
1119490
1119497
1119533
1119564
1120186
1120193
1120200
1120280
1120287
1120292
1120298
1132449
1132459
1132715
1134063
1134071
1134076
1134052
1134896
1134903
1134908
1134914
1134920
1134924
1136279
1136286
1136292
1136298
1136303
1136308
1136314
1136319
1136326
1136331
1144425
1144467
1144764
1152867
1152875
1153917
1155874
1155882
1155889
1155894
1176120
1176128
1176875
1176882
1176888
1176894
1178444
1178452
1178458
1178464
1178634
1178641
1178647
1178652
1178658
1179175
1179182
1179187
1179193
1179198
1180214
1180221
1180227
1180232
1180238
1180244
1180249
1180256
1180261
1181242
1181250
1181257
1181262
1181268
1181272
1181278
1189366
1189407
1189733
1205868
1207181
1207190
1207196
1207201
1207207
1207212
1207217
1207222
1208166
1208174
1208180
1208185
1208232
1208301
1208384
1208909
1208917
1208922
1208929
1210268
1210275
1211599
1211607
1211613
1211618
1211624
1211629
1211635
1211641
1211646
1211652
1211656
1211662
1218847
1218856
1219868
1219877
1219882
1222036
1222043
1222049
1222054
1222060
1222065
1222070
1286145
1286857
1286865
1286871
1286877
1286882
1287658
1290439
1290471
1291737
1291745
1291750
1291756
1291761
1291767
1291771
1291778
1291784
1291789
1291794
1291799
1291805
1291810
1292703
1292948
1292956
1292961
1293291
1293354
1293393
1293400
1293407
1293439
1293446
1293451
1293458
1293464
1293622
1293630
1293634
1293640
1293645
1294339
1294371
1294378
1294384
1294389
1294394
1294399
1294642
1295400
1295409
1295414
1295420
1295424
1295430
1295469
1295508
1295540
1296287
1296294
1296300
1296306
1296311
1296317
1296321
1296327
1297021
1297030
1297035
1297041
1297046
1297936
1297943
1297950
1297954
1297960
1299133
1299141
1299146
1299152
1299158
1299163
1299168
1299173
1299179
1299839
1299847
1299852
1321446
1322815
1322823
1322828
1322834
1322839
1324109
1324116
1324123
1324127
1324133
1324138
1324144
1324150
1324819
1324825
1324832
1334582
1334589
1335919
1359277
1359758
1359765
1359771
1361094
1361101
1361108
1361113
1361119
1361124
1361129
1361135
1361141
1362159
1362168
1362174
1362180
1362185
1362190
1362195
1362202
1362208
1363202
1363210
1363216
1363222
1363227
1363232
1363237
1363244
1363946
1363954
1363961
1376002
1377005
1377013
1377019
1377024
1377030
1377035
1377912
1377919
1377925
1377930
1377936
1377942
1389672
1391255
1391262
1391268
1391274
1391279
1391285
1391290
1391296
1391302
1392042
1392049
1392055
1392060
1396027
1396035
1396799
1396806
1396812
1396817
1398391
1398399
1398405
1398411
1398416
1398421
1398426
1398432
1398438
1398444
1398995
1399002
1410469
1410827
1411971
1411978
1411985
1411992
1411997
1412871
1412879
1412885
1412890
1412896
1414202
1414209
1414215
1414219
1414225
1414230
1414237
1414242
1414247
1414253
1421985
1421992
1423351
1426512
1426519
1428631
1428639
1428645
1428650
1428656
1428660
1440646
1442129
1442137
1442143
1442149
1442154
1442160
1443048
1443836
1443843
1443849
1443856
1444776
1444784
1444789
1445323
1445331
1446018
1446024
1446030
1446035
1446041
1446046
1446051
1454433
1455835
1455844
1455849
1458063
1458072
1458078
1458084
1458089
1458094
1458100
1461418
1461459
1461756
1462197
1462207
1463325
1474922
1474929
1476277
1487449
1487828
1487836
1504116
1504899
1504907
1504913
1504918
1504924
1506273
1506307
1506313
1506319
1506325
1506342
1009188
1009181
1009818
1009822
1009826
1009831
1009835
1009839
1009844
1010863
1010871
1010875
1010880
1010884
1010889
1010893
1010896
1011932
1011938
1011942
1011947
1011951
1011955
1011960
1011920
1012443
1012450
1027315
1029011
1032067
1032074
1032415
1034002
1034008
1034013
1034017
1034021
1034026
1034030
1034035
1033959
1033962
1034650
1034656
1034662
1035651
1035659
1035663
1035667
1035670
1035675
1047955
1048373
1048380
1057061
1058311
1058318
1058616
1058976
1059015
1059462
1059469
1061439
1061445
1061451
1061455
1061460
1063759
1064534
1064540
1064544
1064549
1064553
1066658
1066664
1066670
1066675
1066678
1066682
1066687
1073577
1075334
1075342
1075346
1075350
1075355
1075359
1075726
1075731
1075736
1076196
1078131
1078137
1078141
1078146
1078150
1078154
1099755
1100484
1100491
1100496
1101650
1101657
1101662
1101666
1101671
1101675
1101678
1102663
1102669
1102674
1102678
1102683
1102687
1102691
1102696
1103642
1103649
1103653
1103658
1103662
1103666
1103669
1108260
1109469
1109476
1109480
1109485
1109489
1159742
1160474
1160481
1160486
1160491
1161588
1161594
1161600
1161604
1161609
1161612
1161617
1162607
1162614
1162618
1162622
1162626
1162630
1162635
1162639
1162644
1163504
1163510
1163515
1163520
1163524
1163528
1164642
1164650
1164654
1164659
1164662
1164667
1164671
1164676
1165698
1165705
1165709
1165714
1165718
1165722
1165727
1165731
1165736
1166416
1166421
1166426
1183943
1184250
1184257
1185624
1185631
1185636
1185640
1185643
1185648
1185652
1186068
1186833
1186841
1186845
1186849
1186854
1186858
1186863
1186867
1186873
1187476
1187482
1187487
1187491
1187496
1187499
1187503
1188592
1188598
1188603
1188607
1188612
1188616
1188620
1189370
1189375
1189381
1189384
1189388
1200923
1201231
1213646
1213654
1214400
1214406
1214411
1214415
1215446
1215452
1215457
1215461
1215467
1215470
1215474
1223515
1223521
1224298
1224305
1224310
1224314
1225547
1225552
1225558
1225561
1225566
1225570
1225574
1225579
1225584
1226336
1226343
1226348
1226353
1227467
1227473
1227478
1227482
1227487
1227491
1227477
1228229
1228235
1228240
1228244
1228248
1235937
1237213
1237220
1237226
1237229
1239147
1239153
1239158
1239162
1239168
1239171
1254267
1254959
1254965
1264200
1265247
1265254
1265258
1265263
1265267
1265271
1266473
1266480
1266484
1266489
1266493
1266498
1266501
1266507
1266512
1267247
1267254
1267258
1267262
1271512
1272248
1272255
1272259
1272264
1272268
1273386
1273391
1273396
1273399
1273404
1273689
1273726
1274017
1275834
1275841
1275845
1278682
1278721
1279058
1285438
1286063
1286070
1302635
1303015
1303021
1304786
1304793
1304797
1313919
1315453
1315460
1315466
1315470
1315475
1315479
1315483
1315488
1315493
1316508
1316515
1316521
1316525
1316530
1316533
1316538
1316542
1317559
1317567
1317571
1317576
1317580
1317585
1317589
1317593
1317598
1318311
1318318
1318322
1318328
1319012
1319019
1319023
1335255
1335263
1336299
1336306
1337180
1337187
1337193
1337196
1337201
1337205
1338805
1338811
1347687
1348030
1356168
1356176
1357192
1357199
1357205
1357209
1357213
1357217
1358012
1358019
1358024
1359356
1359363
1359367
1359371
1359375
1360130
1360137
1360142
1360146
1360151
1376566
1376904
1381068
1381074
1382090
1382095
1382101
1382104
1382390
1382426
1383315
1383321
1383325
1383330
1383334
1383339
1383343
1383349
1384089
1384095
1384100
1384104
1384108
1385848
1387689
1387696
1387701
1387706
1390805
1390812
1392590
1392597
1392600
1403784
1404871
1404877
1404883
1406104
1406110
1406115
1406119
1406124
1406127
1406719
1408537
1408543
1408549
1408553
1408558
1408561
1408565
1411162
1411168
1412191
1412197
1412202
1412733
1424588
1424944
1424951
1429035
1430085
1430092
1430097
1430102
1430105
1430109
1431122
1431129
1431134
1431138
1431143
1431147
1431151
1435110
1435116
1436803
1436809
1436800
1436804
1436809
1437168
1437174
1437178
1437678
1437685
1447416
1447803
1447809
1453506
1453853
1455714
1455720
1455725
1455729
1455734
1461129
1462109
1462116
1462848
1463007
1463013
1463018
1463321
1463875
1463881
1463897
994139
994119
1000715
1001050
1001508
1001538
1001812
1012431
1012437
1013000
1014436
1014442
1015174
1015180
1015183
1015187
1017058
1017064
1017067
1017070
1018340
1018344
1022845
1023977
1023985
1023989
1025536
1028480
1028486
1028995
1032521
1032394
1032894
1034257
1034262
1034266
1058511
1058577
1058849
1059328
1059929
1059935
1093058
1094303
1094310
1094315
1135374
1135414
1135784
1141020
1189119
1189125
1189672
1191220
1191225
1191229
1194735
1194740
1195931
1195936
1195939
1195943
1209523
1209857
1209862
1210585
1212129
1212134
1212138
1212141
1212144
1212148
1212151
1212156
1212159
1212919
1212926
1212930
1212933
1224300
1224306
1224811
1253196
1253924
1253930
1253934
1253937
1253941
1255247
1255253
1255258
1255262
1255266
1255270
1255273
1255276
1256376
1256381
1256386
1256388
1256392
1256395
1256398
1256402
1256407
1256989
1256993
1256997
1257000
1257003
1257006
1257010
1257445
1257451
1261393
1261816
1261821
1262156
1263173
1263178
1263183
1263187
1263190
1263194
1263197
1263201
1263947
1263951
1263956
1263958
1263961
1275773
1277697
1277703
1277706
1277710
1277713
1277717
1278074
1278079
1278082
1279108
1279113
1279116
1279121
1279124
1279127
1279130
1279133
1279857
1279862
1279866
1279947
1279952
1295675
1297284
1297291
1300334
1302137
1302142
1302146
1302149
1302153
1302156
1302160
1302163
1302230
1302266
1302998
1303003
1303007
1303010
1303013
1303016
1303019
1303023
1303027
1311034
1311742
1311750
1311753
1311757
1312294
1312299
1314091
1314098
1313771
1313773
1313775
1313778
1313782
1313786
1313791
1313793
1325950
1327316
1327321
1330417
1331461
1331467
1331471
1331474
1331478
1331481
1331987
1339656
1339663
1340407
1340412
1340415
1340418
1360700
1360762
1361154
1361159
1362848
1362858
1362861
1362865
1362868
1362872
1362875
1362879
1362883
1363484
1363488
1363492
1363496
1363500
1363503
1363506
1364392
1364397
1364401
1364405
1364341
1364343
1364344
1365294
1365299
1365303
1365305
1365309
1365312
1365315
1365319
1366035
1366042
1366045
1366049
1367647
1371461
1371466
1372817
1376389
1376395
1377389
1377394
1377398
1378142
1378148
1378151
1378153
1394771
1396145
1396150
1403696
1405524
1405531
1405534
1405536
1405540
1405543
1405546
1405549
1405554
1405557
1406544
1406549
1406552
1406555
1406558
1406562
1406564
1414425
1414430
1414925
1414930
1414934
1416282
1416289
1416355
1416361
1416365
1416369
1416371
1416401
1416651
1416656
1418202
1418208
1418211
1418215
1418217
1418221
1418223
1418228
1418757
1418764
1457227
1458374
1458384
1458391
1458461
1458467
1458470
1458510
1458546
1458572
1459282
1459287
1459291
1459405
1459441
1459469
1459473
1460226
1460232
1460236
1460239
1460250
1460254
1460257
1460260
1460264
1461197
1461550
1461557
1461561
1461565
1461569
1461573
1461575
1462560
1462567
1462571
1462576
1462579
1462583
1462586
1463249
1463254
1463259
1463336
1463340
1463344
1463354
1463357
1465520
1465838
1466351
1466358
1466672
1477182
1477189
1478076
1492446
1492455
1492814
1500918
1502067
1502074
1502080
1502083
1502086
1502090
1502093
1502096
1503049
1503056
1503060
1503063
1503067
1511452
1511460
1511765
1513018
1513025
1513028
1513031
1513035
1513038
1513040
1513045
1513049
1531193
1531762
1531768
1531772
1533358
1533386
1533390
1533248
1533252
1533255
1533257
1533262
1533265
1533979
1533986
1533989
1533993
1533996
1534000
1534003
1534914
1534921
1534924
1534928
1534931
1534934
1534937
1535884
1535891
1535895
1535897
1535901
1535904
1535907
1539561
1539567
1540899
1548152
1548159
1549491
1557189
1559000
1559007
1559010
1559012
1559016
1559019
1559022
1559025
1559029
1559033
1559036
1570843
1571613
1571619
1571623
1571627
1572684
1572691
1572695
1572698
1572702
1572706
1573082
1573498
1573505
1573509
1574761
1574768
1574772
1574775
1574779
1574783
1574787
1574791
1574794
1575608
1575614
1575617
1575621
1583189
1583196
1584450
1584455
1584459
1584462
1585361
1585366
1585370
1587167
1587174
1587177
1609770
1610516
1610522
1610525
1610529
1611809
1611815
1611819
1611822
1611827
1611829
1611833
1611849
1110522
1111457
1111463
1111462
1111466
1111470
1111475
1111478
1111483
1111487
1112113
1119846
1119853
1121279
1121286
1121290
1121295
1121299
1122048
1122054
1122059
1132387
1132394
1133142
1133149
1133153
1133158
1133731
1135245
1135252
1135257
1135261
1135266
1135269
1135274
1136363
1136370
1136374
1136378
1136383
1136387
1136391
1136395
1136400
1140734
1140741
1142116
1149603
1150994
1151001
1154455
1154887
1154895
1154900
1157007
1157414
1157423
1157428
1157433
1157436
1157440
1157446
1157452
1157985
1157992
1157998
1158002
1161560
1161797
1161803
1166031
1167063
1167070
1167076
1167081
1167085
1168612
1171560
1171567
1171785
1172282
1173242
1173249
1173253
1182508
1182515
1182763
1183208
1183214
1184018
1184024
1184029
1184033
1184974
1184980
1184984
1201187
1201742
1201747
1213801
1215416
1215457
1215463
1215500
1215529
1215535
1215539
1215545
1215550
1216239
1216245
1216249
1216254
1216258
1216262
1216266
1216954
1216960
1216965
1234480
1234967
1234973
1234978
1236379
1236366
1236372
1236401
1236407
1236411
1236416
1236420
1236425
1237117
1237122
1237128
1237131
1237136
1237140
1237144
1238273
1238282
1238286
1238290
1238331
1238368
1238399
1239196
1239202
1239206
1239211
1239215
1239219
1239223
1239228
1239232
1240094
1240102
1240106
1240111
1243456
1244627
1244633
1244637
1246280
1246286
1247701
1248230
1248237
1260531
1262182
1269024
1269030
1269824
1269855
1269861
1270201
1270628
1270634
1270639
1271637
1271643
1271648
1273636
1273643
1273648
1273652
1273657
1273661
1276699
1277675
1277681
1277686
1278568
1284531
1284537
1286208
1286600
1286607
1288265
1294883
1294890
1295932
1295938
1296877
1296884
1296888
1296892
1296897
1296901
1297456
1297462
1318248
1318578
1324939
1324945
1325672
1325678
1325684
1325687
1327083
1327090
1327095
1327098
1327103
1327107
1327111
1327116
1327121
1328073
1328081
1328085
1328089
1328093
1328097
1337172
1337502
1342719
1342727
1343476
1343830
1343836
1344660
1344666
1344671
1344623
1352979
1353534
1353541
1361655
1363527
1363534
1363538
1363543
1363547
1370530
1371848
1371855
1371861
1371865
1371869
1371873
1371877
1372626
1372632
1372638
1381071
1381102
1381514
1381521
1382775
1383197
1383204
1383208
1383213
1383542
1383549
1383553
1387165
1389023
1389030
1389035
1389039
1389044
1389048
1389053
1389057
1389061
1389066
1394468
1396396
1396402
1396407
1396411
1396415
1429283
1430890
1430898
1430903
1430907
1430911
1430915
1430920
1430924
1430928
1432026
1432032
1432036
1432041
1432045
1432048
1432053
1432057
1432921
1432928
1432932
1432937
1432942
1432946
1440136
1440143
1440496
1441861
1441867
1441871
1441876
1441880
1441885
1441889
1441894
1441899
1442718
1442725
1442729
1442733
1446489
1447773
1447779
1447785
1447789
1447793
1451845
1452375
1452381
1454230
1454236
1454241
1454245
1461209
1462853
1462860
1478002
1478355
1478324
1479670
1479676
1479681
1479685
1479689
1479694
1479697
1480736
1480742
1480747
1480750
1480755
1480759
1480764
1481925
1481932
1481937
1481941
1481945
1481949
1481954
1481959
1481963
1481968
1482778
1482784
1482789
1482793
1483342
1483350
1490958
1491300
1491308
1491889
1498242
1498250
1500478
1500483
1500487
1500492
1500496
1507667
1507674
1508411
1508418
1508422
1508427
1521206
1522793
1522802
1522806
1522811
1522815
1522820
1522824
1522828
1522833
1523559
1523566
1523571
1524573
1524580
1524585
1524590
1524594
1524597
1524602
1525682
1525690
1525694
1525698
1525702
1525706
1525710
1525715
1525720
1575996
1576557
1576564
1576570
1577871
1577952
1577989
1578021
1578025
1578030
1578034
1578844
1578851
1579104
1579111
1579115
1579119
1579123
1579127
1579131
1579136
1579767
1579803
1579834
1579838
1579842
1579846
1580625
1580631
1580635
1580639
1580643
1580648
1580651
1580656
1580660
1581801
1581807
1581811
1581816
1581820
1581825
1581828
1581834
1582649
1582655
1582659
1582664
1584471
1584476
1585247
1585253
1585257
1585261
1586609
1586615
1586619
1587071
1587076
1587081
1587086
1587090
1587096
1587601
1587607
1587613
1587759
1587765
1587770
1588093
1588386
