584
1716
11
7
6
7
74
8
6
6
5
585
10
6
25711
1577
7
1296
23374
8
976
3673
17385
567
12220
9
1300
8
5
7
81
9
413
7
489
565
8
6
1294
10
8
122
47
7
6
6
660
10
8
7
7421
8
319
1575
9
6
7
7
5
4211
1567
7
14960
967
8
6
7
6
1027
8
6
101
10
86
7
6
769
10
7
67
8
48
7
6
546
9686
7
303
895
1569
7
6
6
7
6
6
8045
506
8
4517
341
8
1551
8
6
6
6
607
8
6
14622
8
324
4664
8
1817
9
72
7
6
6
5
6
5
6
526
7
2173
7
459
8833
7
303
1471
7
571
8
5
1696
7
13027
8
1316
536
7
417
7
6
1418
7
129
9
59
8
6
6
6
5
321
9
5
5336
519
487
7
465
4516
7
479
686
7
502
5760
1575
7
9291
325
7
26337
989
7
6
6
6
6
895
8
7
9
6
6
5
1074
7
7
71
7
7
6
5
6
847
7
6
6
7
5
6
647
7
7
556
335
7
1560
9
92
8
6
199
6
6
6
5
119
9650
26
809
23
9
6
6581
27
11
6
7
5
4353
1343
14100
25
2196
11
7
7
1838
8
713
12634
1122
8
7
682
9
7
6
6
1923
8
7
6
6
5
6
6
3773
7
1332
5669
8
1524
9
452
8
8807
1503
8
15006
1527
9
11531
973
8
7
932
8
7
7
31480
8
330
1308
8
8
6
7
6
6
880
8
7
6
6
5
6
2150
9
7
6
6
6
5
7
6
6662
1007
10
7
6
6
6
1968
9
7
6
6
5
6
2864
8
1279
10
7
6
6
5
6
586
9
6
753
1966
8
6
16670
8
1345
15452
8
982
10
6
6
6
1212
9
6
7
6
6
5
6
5
697
8
6
6
6
6
1308
8
7
6
5
6
5
6
6
5
857
9
7
6
6
7
6
432
3587
9
442
5963
8
1217
9
6
6
1510
2915
8
332
2495
8
1422
9
6
6
153
9064
8
1369
11089
8
1350
40603
9
655
10
7
6
1304
10
7
6
5
6
6
5
794
8
7
6
7
5
6
7
1000
9
9
150
6
6
6
987
12
8
6
6
6
6
6
853
10
7
6
5
6
6
5
566
8
1332
9
6
6
6
6
6
5
6
418
3158
8
656
6092
8
1517
6087
10
918
8
7
1512
8831
308
8
586
445
8
6
1263
8
6
68
6439
9
2231
9
6
76
5462
8
293
533
464
8
16783
305
9
4263
978
9
8
91
8
7
730
1645
9
5
92
8
6
6103
8
1764
9
68
8
3206
1752
8
6
68
9
7145
1783
9
6
67
3239
9
1213
8
6
93
7
7
6
1673
9
7
10127
1038
8
7
68
7
638
8
1966
8
6
35557
8
1370
17723
8
345
1522
8
7
107
8
7
5
6
6
5
722
9
6
98
7
6
6
742
9
6
96
8
6
5
1160
8
7
110
8
7
6
5
6
6
5
624
8
91
7
6
13804
8
1348
1154
8
1499
7
87
8
6
219
8
495
8
6
65
421
4279
7
1364
1467
8
327
503
10
9558
957
8
6
1692
8
6
2912
334
8
330
1550
9
2488
634
13731
8
1465
8
7
1159
10
7
94
7
610
9
6
75
8
3737
1530
8
7252
1471
8
7341
301
1802
8
6
98
7
6
6
6
5
296
8
6
1224
8
6
102
7
6
6
6
10197
8
301
532
10
480
8
8
1740
10
6
67
5156
1524
8
27133
340
8
1260
8
6
90
8
6
7
822
8
6
98
8
6
5
1993
9
6
102
8
6
6
5
6
2678
1214
9
7
91
8
5
6
651
8
6
90
9
6
1654
8
6
703
337
8
1674
8
6
6950
336
8
4235
1156
9
6
100
8
6
5
11346
8
1746
8
69
7
5369
1567
20
7
8
7
6
6
559
10
6
11685
9
1359
26937
8
1310
8
6
497
1418
9
6
107
8
6
6
5
6
6
726
9
6
97
7
6
6
821
9
6
102
8
6
6
6
5
705
8
6
90
10
6
21731
1471
9
6
89
8
6
655
8
8
89
8
1015
8
7
98
7
6
6
7
6
760
8
6
91
9
6
5
6894
8
981
8
7
1516
15358
1490
8
5487
1191
8
7
93
8
6
6
1007
9
7
104
8
6
6
6
5
511
9
6
7611
352
8
505
339
8
1894
8
7
88
8
12410
8
883
13436
9
343
545
8
331
1566
8
6
109
8
6
6
5
6
6
398
2141
9
1509
7668
9
1514
16304
8
1287
8
6
85
8
68
7
479
9
6
67
25779
10
1508
1394
48330
8
1750
9
7
45320
1540
9
6
3529
731
8
7
66
10
1480
8
6
95
7
6
6
394
8
6
66
26318
8
496
8425
7
577
9
1517
8
7
6
6
5
97
8
6
5
6
585
8
87
8
6
7931
8
761
9
8
66
1773
8
6
96
7
6
3431
519
16
8
2080
8
6
96
8
6
6
22449
8
1364
1949
8
1220
8
92
8
8
5
6
1675
8
6
3536
340
1755
8
6
1471
7
665
4950
13
1575
21
7
6
12379
328
11
14416
353
8
1589
9
6
116
7
7
6
6
5
6
268
7679
9
267
1646
8
7
103
8
6
6
6
5
6
462
8
6
68
15626
9
1420
9
6
90
7
6
891
9
101
8
7
6
6
5
796
8
7
292
102
8
6
769
8
6
102
8
6
6
6
5
6
380
8
18599
423
8
932
1479
8
6
104
8
7
5
6
6
730
9
6
97
8
6
6
1643
7
6
10686
1806
8
15145
1730
8
6
107
8
6
5
6
6
6
561
8
6
88
8
6
1082
8
6
100
10
6
6
6
797
8
6
96
8
6
6
6
633
8
6
68
12207
1478
9
3450
954
8
6
90
8
8
1706
8
6
68
2802
8
1740
8
6
67
7033
1749
8
6
68
7
7071
310
8
1289
9
6
99
8
6
6
6
3912
8
725
9
6
66
1753
8
6
94
7
7
7244
1655
8
6
89
7
6
198
8
6
812
10
6
65
17579
8
286
20474
602
8
6
1435
8
6
103
7
6
6
6
6
7
659
9
6
96
7
7
6
884
8
7
103
8
6
6
5
6
420
10
17745
298
1685
8
6
7072
8
1724
8
6
108
8
6
6
6
5
6
776
8
6
94
8
6
5
521
8
6
65
3708
8
1455
8
7
98
9
7
6
5
447
8
3572
584
8
6
1002
9
6
66
1580
8
7
17097
8
1374
3201
739
8
8
67
8
1191
9
6
100
8
6
5
6
643
9
6
92
7
7
4038
7
715
8
68
8
12476
300
8
1674
7
6
23291
1490
8
7
105
8
6
6
5
6
720
8
6
96
7
7
6
915
8
6
100
8
5
6
6
756
8
6
98
7
6
6
6
1491
693
8
530
8
1515
8
663
954
8
6
90
8
6
1714
8
7
65
10865
8
1491
14952
8
586
8
1505
9
2119
285
7
1035
9
8
4136
1925
9
6
109
8
6
6
6
6
6
6
69
313
2002
10
6
97
7
6
6
8
6
5859
13116
1481
8
6
92
8
6
840
8
6
68
7
1443
8
91
8
6
7910
8
1390
7190
8
679
625
344
8
989
9
6
1482
8
7
91
8
8849
8
798
4733
8
1373
5500
8
1268
10
6
66
344
429
9
6
1120
8
6
68
8
4223
771
4076
8
678
18198
8
1066
8
6
90
8
1499
8
2666
436
8
18747
306
8
20190
1185
8
263
119
8
7
8
452
9
7
96
8
6
7
1228
8
6
97
67
7
5
6
6
420
8
6
86
8
5
1010
8
6
101
8
6
6
5
799
9
6
96
9
6
6
6
12557
1783
9
6
69
33372
8
1060
8
7
98
7
6
6
1003
8
6
101
8
6
6
6
5
802
10
94
8
6
5
6
828
8
6
102
8
6
6
5
810
8
6
93
8
5
6
6
918
8
99
8
6
6
5
6
897
7
6
104
7
6
6
7
6
559
8
7
7017
1329
12
6
1467
2906
8
1499
5278
8
443
412
9
597
9
1982
8
6
69
8
15288
1139
8
7
597
9
7
70
1180
9
6
106
8
6
6
6
6
684
9
6
92
8
6
17744
1387
7
7165
370
1302
8
7
106
8
6
6
5
6
776
8
7
96
7
6
6
12289
8
359
1500
8
6
112
8
6
6
6
7
6
10215
9
1584
9
95
9
6
6
5
459
1428
8
6
102
8
6
6
6
5
6
684
8
6
97
7
6
6
447
9
23227
1187
8
6
96
8
6
805
8
6
100
8
6
6
809
8
6
97
8
6
6
1692
8
8
67
8
14475
292
8476
8
701
8
6
64
1192
7
7
101
8
5
6
6
6
767
8
5
94
8
6
6
1475
5163
9
1413
8
6
102
7
6
6
6
5
341
6443
680
9
6
66
8
516
275
8
1928
8
92
7
6
12502
8
1389
9251
8
1231
7
98
7
7
5
7
575
8
6
50553
455
8
6
1573
11
6
100
8
9
6
6
5
430
9
86
8
6
974
8
6
102
7
6
6
6
6
795
9
6
95
8
6
6
1085
8
6
107
8
6
5
6
6
5
308
8
6007
1473
8
6
103
8
6
6
6
5
738
8
99
8
7
6
6
867
8
6
100
8
6
6
6
901
10
6
102
7
7
6
6
6
23670
1216
8
5
96
8
6
6
6
717
8
91
8
7
1069
9
6
105
8
6
6
5
6
6
585
8
6
66
7
10538
14044
8
514
8499
1391
8
5297
533
8
7
841
8
14499
464
472
9
25411
2209
9
6
5105
8
1361
19303
8
1543
8
98
7
6
6
6
1577
1143
8
6
104
7
6
6
6
6
5
6
90
7
6
6
6
21053
684
9
6
68
9
954
8
6
89
8
1064
17
7
103
8
6
5
6
6
855
8
7
100
7
6
7
5
6
12951
1113
8
6
589
8
6
67
1181
9
7
103
8
6
7
6
5
438
9
6
3866
2180
9
7
67
7472
8
287
12317
8
1488
14972
11
290
1229
8
7
68
2615
8
1127
8
8
103
7
6
7
6
6
6
6
77
8
6
751
10
6
126
8
6
6
7
6
5
6
89
8
5
6
146
8
13762
8
1367
1567
8
1018
9
6
89
8
1460
9
8
170
8
32278
896
9
6
93
7
7
1091
9
6
104
9
6
5
6
6
774
8
96
8
6
6
6
575
8
6
1337
8
98
8
6
6
6
5
803
8
8
94
8
6
6
434
7
4343
1505
8
5334
967
8
7
1729
8
6
67
10596
8
427
1979
9
1484
3519
644
8
5034
439
8
973
1477
8
22630
1535
5293
9
1225
9
6
67
632
8
660
9
6
98
7
7
6
7583
1714
8
6
85
9
6
206
8
6
1960
8
6
97
8
6
6
14784
8
1356
9414
1474
8
5
102
8
6
6
6
6
630
7
7
66
988
8
6
92
8
6
1286
8
6
94
8
6
17921
353
10
566
340
8
1571
8
108
8
6
6
9
5
6
6
292
4152
990
9
6
1491
8
16645
1380
11
12782
449
1190
7
7167
1138
8
793
8
6
15152
1514
9
6
173
6160
8
1245
6779
8
1243
8
6
422
18907
1504
8
1421
1725
9
6
109
8
6
6
5
6
9
738
10
6
95
8
6
6
8
418
6508
420
8
10159
1380
8
4568
1244
8
6
6
13504
8
230
5801
8
254
1371
7
6
6
6
6
6
6
6
683
8
7
619
1388
8
13387
1384
3357
8
834
1743
8
6
4990
8
2271
9
6
6
3053
2327
8
680
10
6
11148
1638
8
6
304
537
7
1033
1495
8
1113
8
6
6
5
6
6
6
6
6
3690
1365
7
4545
6950
2905
10
1927
296
8
6
7
6
235
8
6
6
209
1662
9
6443
1298
8
6
6
6
6084
1392
346
8
1625
6128
9
1554
27463
9
1556
14883
1129
9
6
6
6
76
681
8
6
78
7
6
1242
9
6
91
8
6
6
6
5
6
637
8
6
76
8
6
8139
465
9
5659
467
8
6
1843
8
6
67
1840
8
6
76
7
6
14116
1591
12
584
932
8
7
71
8
7
24742
1216
8
7
76
7
6
1081
9
6
100
8
6
6
6
6
793
9
7
5
96
8
6
545
8
6
5278
761
9
6
70
8
1867
8
88
7
8
195
8
7
327
8
30908
449
8
7
1279
8
6
107
8
6
5
6
6
793
8
98
9
6
6
6
714
7
8
88
8
913
8
6
23499
9
1395
8
6
1334
8
101
8
6
6
6
6
732
9
6
94
8
6
6
1670
8
6
10735
8
1360
9474
8
339
1304
9
6
102
8
6
5
6
6
574
9
15067
9
1103
10
6
73
8
6
1192
8
6
94
9
6
6
6
654
8
7
90
333
8
2031
6344
9
1556
23097
8
1669
8
6
111
8
6
7
6
6
5
722
9
6
98
8
6
6
808
8
6
97
7
6
6
5489
7
1483
9
94
8
9
6
6
6
371
8
7346
944
9
7
91
8
6
1731
10
6
64
6736
8
1283
8
66
8
1213
9
6
6
73
7
41816
884
8
9
90
8
6
1082
8
6
101
8
6
6
6
645
8
6
93
8
6
6
6
917
9
98
7
7
5
6
912
9
6
100
7
6
6
6
790
9
6
94
7
6
8
5
1654
8
6804
8
2264
10
6
90
8
6
6
11415
348
9
1799
9
6
100
8
6
6
6
9831
8
1735
8
6
102
7
6
6
6
5
6
647
9
6
91
8
7
8279
352
8
798
1026
1368
8
7
99
7
7
6
5
985
8
104
8
6
6
6
5
405
8
6226
539
9
12801
485
10432
8
636
8
7
1379
9
8
105
8
6
7
6
6
5
29121
1721
9
6
104
8
6
6
7
6
5
707
9
6
99
8
6
6
873
8
6
104
8
6
6
270
7
537
8
6
98
8
6
6
1661
8
6
2485
8
515
62
904
9
6
1072
8
6
17814
9
1528
1672
19041
11
935
8
6
18904
6299
9
495
10545
1025
8
6
669
8
6
68
7
4148
1397
8
11408
1384
7245
8
1492
8
6
75
8
6
603
1601
8
6
102
8
6
6
6
5
6
638
8
6
96
8
6
5
585
8
6
16589
9
332
38601
454
8
6
1325
10
6
100
8
7
6
6
5
735
8
6
97
8
6
6
913
9
6
102
7
7
6
5
6
789
8
6
99
7
7
6
1172
8
7
104
8
6
6
5
6
5
500
8
7
91
8
8
6
751
8
6
68
22287
9
671
8
6
68
1205
9
7
6
85
8
8
757
8
7
94
11
6
6
807
8
6
95
8
6
6
6
1502
14527
723
9
6
68
7
2289
620
9
15
1426
9
6
100
7
6
6
6
6
5
658
8
6
96
8
6
6
419
8
25975
1458
8
6
103
8
6
6
6
5
780
8
6
100
12
6
6
1949
9
6
105
298
7
6
6
6
10789
476
8
6
1775
8
6
6
13136
10
1479
8
7
96
8
6
6
6
724
8
6
97
8
6
5
24045
9
714
8
8
6
995
9
6
94
8
9
7
981
11
7
96
8
6
7
6
795
8
98
8
6
5
6
906
7
6
105
8
6
6
6
634
9
6
66
8
3883
1227
8
6
101
8
6
6
582
9
6
10286
8
1762
8
68
8
5442
343
8
1748
9
6
102
7
6
6
6
6
7
335
8
6
69
10201
519
8
606
309
8
1846
648
8
7
91
8
6
6
7787
9
1349
29529
8
979
8
7
73
8
1131
10
6
6
6
92
8
6
704
8
96
8
6
6
5
975
10
7
101
10
7
6
5
417
8
3704
305
8
1547
9
6
105
7
6
6
6
6
5
563
9
6
66
21728
1340
8
6
2163
8
1282
8
7
163
8
6
6
6
6
5
6
80
8
6
396
8
6
100
8
6
6
6
6
6967
350
8
1130
8
7
64
986
8
6
7
1866
10
6
91
313
8
14787
1377
8
3196
1522
8
6
100
9
6
6
6
5
737
8
7
100
8
6
5
1639
9
6
20460
723
8
6
69
8
901
8
6
98
8
5
6
1005
8
6
100
8
6
6
6
799
8
6
99
8
5
6
6
3673
1814
8
6
6
13298
8
1786
9
6
73
7
7
213
8
906
8
7
6
5
92
7
6
1926
12
103
8
6
7
6
5
5214
9
1376
2027
8
3118
12393
308
8
569
1560
9
6
8
6
1793
8
70
8
22651
439
8
6
1350
9
7
103
8
6
6
6
5
797
9
6
99
8
6
6
736
8
6
91
8
6
3893
999
11
6
75
8
7
1512
6827
8
315
1683
9
7
5057
1656
23
7
8
7
80
1637
8
6
6
8
48661
1503
9
6
93
8
6
6
2542
9
1096
8
140
8
6
6
6
6
6
8
94
8
6
6
845
10
6
105
7
6
6
6
6
5
8
81
7
6
149
9
6
67
8
613
8
94
8
6
6
5
511
8
6
87
7
6
553
8
102
8
348
7
7
6
5
8
395
8
97
8
7
5
6
384
7569
8
305
4273
991
9
7
93
8
6
863
8
6
71
15
1776
8
13482
9
464
13629
9
323
1736
8
6
97
8
6
6
6
5
302
8
6
1236
8
102
8
6
5
6
6
537
8
6
11687
8
1298
8
1334
8
6
97
8
6
6
5
6
594
8
7
65
4085
8
533
14919
9
1554
7145
707
9
8
6
6
1230
8
8
6
6
6
6
6
510
8
1526
8
7
55
8
5
6
6
6
6
7792
1385
8
3193
1097
8
7
1126
10
7
7
1947
9
7
7
6
6
6827
8
1372
7476
2275
9
7
6
7
5
6
6
12237
715
8
7
7
1062
8
7
7
6
28
483
1657
8
7
55
8
5
6
6
6
5
6
696
9
14508
8
1318
9
7
7
1241
9
8
57
7
6
7
6
6
667
8
7
7
5118
8
481
2240
8
7
6
3734
9
289
557
9
310
8273
1006
8
7
1077
10
8
6
6
6
6
4349
9
287
489
8
1366
5626
8
1356
3688
9
1394
8805
293
8
1869
10
7
6
3273
8
1583
3021
1732
8
6
2983
9
548
8
6
1598
11217
1558
9
7
6
7
710
8
7
7
1219
9
6
7
6
6
6
6
5
555
23726
9
283
1104
8
7
1687
1337
9
8
6
7
6
6
5
6
6
6
6
6
6
6
470
8
9
6
3291
1139
9
7
1742
9
7
7
5
15838
1400
9
7
6
6
6
1152
9
7
57
7
6
6
6
477
8
29340
714
8
7
1318
9
7
6
7
6
5
6
6
874
9
7
6
6
6
6
905
10
6
6
7
5
4592
1475
9
7
7
6
5
6
5
6
769
9
7
6
22787
447
9
6
750
10
8
7
6
1324
9
7
6
6
5
6
6
6
7
930
19
8
6
6
5
6
693
8
7
1827
8
7
6
6
3553
8
287
726
8
1354
12579
10
1840
9
54
8
6
6
6
6
6
5
7945
1056
8
7
662
9
6
7
724
9
6
21272
8
955
9
7
7
6
1049
10
7
6
6
6
6
1008
9
7
6
7
5
6
6
6
664
9
6
1688
1894
8
23825
1387
8
1545
16004
9
518
2649
14688
8
1376
7187
8
1297
8
7
7
1589
8
7
7
6
5
6
236
8
4351
533
8
27876
1709
10
7
148
61
8
6
6
6
6
705
8
7
6
6
6
6
966
9
7
6
6
6
6
279
8
1687
9
7
7
6
6
6
6
6
5
844
8
8
6
6
6
9950
1352
26577
9
698
8
7
1144
10
6
3299
697
8
7
46
1918
9
1212
9
7
7
6
6
6
6
5
6
7
6
6
6
408
8
6
7
7381
9
2092
1572
8
8
6
6
6
6
3136
8
1543
8
7
7
4823
8
1374
27576
9
696
8
1073
9
7
7
6
6
6
5
964
10
56
8
6
6
6
1144
9
7
6
6
6
6
24873
728
8
7
7
6
1243
9
7
6
6
6
6
6
741
9
7
6
6
6
1146
10
7
56
8
6
6
6
5
671
9
7
6
1146
1832
9
7
6
6
6
5
6
353
8
429
9
11900
1761
8
7
11183
9
1693
800
8
9
6
6
6
6
687
149
7
2578
9
1573
671
8
6
2120
8
7
6
6
6
7292
1164
473
9
1156
9
7
6
7
5
6
4774
1160
8
6
1610
8
10881
1551
8
49583
1521
10
6
7
6
6
6
881
9
8
6
6
6
892
9
7
6
6
6
6
2126
8
7
7
6
63
8
6
6
8692
977
9
8
6
6
6
977
9
7
7
6
6
2434
732
9
6
7
6
6
6
1098
9
7
7
6
6
7
5
6
6
6
6
6
6
6
485
8
7
404
11
7
6
687
8
7
941
1880
9
7
6
7
6
6847
2086
9
7
6
7
6
5
1563
8
274
1711
9
7
57
8
6
6
5
6
4004
1384
8
1413
8
7
4256
1973
9
46468
1701
9
8
7
2375
8
1005
10
7
6
6
6
824
10
7
7
6
1073
9
8
6
6
6
6
5722
9
1096
8
8
6
6
6
665
1457
9
7
6
7
5
691
8
7
1953
8
7
7
6
1081
8
1571
8
8
6
17106
8
2248
9
6
6
15988
1386
12
5482
2200
8
8
7
6
168
8
5
6
704
10
6
411
8
7
9
7901
520
8
23913
1828
8
7315
1215
10
7
7
6
6
6
1052
8
7
7
6
6
5
6
6
6310
290
8
2233
8
8
6
6
6
6
6
5
6
486
8
6
235
5410
9
495
2063
9
7
3248
1583
8
6961
1583
8
2939
972
9
7
6
7
6
1740
9
6
10648
980
9
285
1793
9
6
63969
417
9
9
1244
9
7
7
6
6
5
6
6
766
8
7
7
6
1130
10
7
6
6
6
5
6
6
851
8
7
6
6
6
6
992
8
8
6
6
6
6
6
6
945
9
7
7
6
6
5
6
2201
9
561
8
7
934
8
6
2822
1077
9
8
6
7
5
6
6
5
6
6
6
6
6
1075
10
56
10
16
7
7
6
7
6
6
5
6
698
9
7
6
6
6
6
6
770
12
7
6
6
6
5
6
354
8
7
3867
4813
9
1562
11770
8
1747
8
7
25721
297
9
1492
10
74
7
7
6
6
5
6
6
736
9
7
7
6
929
8
7
160
7
6
6
1231
10
7
6
7
5
6
6
6
6
5
525
11
6
6
13922
943
9
7
6
6
6
1807
8
7
7
870
8
1461
8
7
57
7
7
5
6
866
8
16
7
7
6
5
6
695
9
4094
8
683
306
8
1618
5834
8
288
16321
1315
9
7159
1764
9
8
54
8
6
98
30
8
6
786
8
7
6
6
6
6
6
5
698
8
7
3634
1499
9
10
6
6
6
6
6
5
548
7639
9
281
1807
9
6
5036
1730
8
7
6
7
5
6
6
5
6
6
8733
738
8
7
7
602
9
1704
8
8
57
8
6
7
6
5
6
12758
1100
21
7
1340
27
8
6
6
6
6
8
6
1124
19
7
7
4220
536
18
6169
384
12
3897
1660
9
6
6
5
6
577
9
6
6
7575
8
1386
11131
10
308
1738
9
6
6
6
5
6
5
76
665
8
7
6
5
6
6
557
21650
8
450
9
1298
10
6
6
6
5
6
6
6
1103
30
8
6
6
6
5
7
6
486
8
6
6
2710
1386
8
3521
294
9
4214
806
8
959
312
9
7
471
5186
9
563
11159
9
243
401
8
765
9
7
6
5251
689
10
7
1649
8
14999
1375
12007
8
1096
10
7
775
9
7
6
4629
2322
10
7
6
6
4277
967
8
7
552
9
11938
247
442
8
805
10864
9
1383
3163
9
2302
10
7
6
6
6
6
10301
741
10
7
7
548
9
1760
8
8
6
7
5
6
6
6
5
700
8
7
4760
1171
8
7
1646
9
6935
226
263
9
1297
9
6
7
471
9
14258
524
401
8
1022
9
7
7
6
6
1139
8
7
6
6
5
6
6
11371
8
1852
11010
9
1374
1740
23257
8
1555
3889
8
14407
26716
8
1791
10
7
6
6
6
5
6
5
6
939
9
7
7
6
52
40
37
622
9
7
6
6
5
90021
2683
8
1523
9
7
7
5
6
6
5
6
811
10
6
6
6
6
6
980
10
6
7
6
5
6
6
889
9
7
6
6
6
6
1030
9
7
6
6
6
6
5
6
869
8
7
6
6
6
5
1244
9
7
6
6
5
6
6
6
5
996
40
7
50
8
6
6
5
6
229
6761
9
400
9
6
983
9
6
1395
997
9
7
6
6
6
5
6
6
5
7
6
6
5
818
9
9
7
6
6
5
6421
9
627
7
7
6
5
6
6
959
8
6
6
6
6
5
8454
8
987
606
10
713
8
6
6
6
6
6
4032
1577
8
6
6
413
38
32
257
8
1687
11512
8
1428
4084
8
1241
335
373
8
4572
13644
8
336
2426
8
725
9
6
6
1190
8410
9
633
9
6
6
6
6
7841
1146
8
7
832
9
6
236
742
8
6
6
1881
8
6
6
6
6
10799
8
1369
4811
697
13
7
6
6
6
6
6
408
10
7
6
6
13859
18
1606
10
31
7
6
7
461
9
12
6
1571
2310
9
7
6
7
6
63
8
6
12
6
6
5
3758
8
26590
463
11
1152
10
7
7
5
6
6
963
10
7
69
8
6
7
906
14
7
7
6
6
6
5
4017
8
1525
8
6
11161
1700
9
6
4376
9
4597
1616
8
7
78
8
40
7
37
349
576
10
7
5
625
8
7
1180
18
7
7
8
4389
9
1628
11462
9
1579
13503
9
1484
9
8
7
7
6
7
6
1097
12
8
44
19
7
81
3935
8
1634
9
7
6
6
6
6
502
1985
10
7
7
6
6
5
6
9305
1114
9
19
8
8180
10
471
332
21
357
10112
9
1255
10
9
6
1866
8
7
6
6
6
30190
1526
2053
10
1581
9
7
7
7
6
5
6
6
911
10
6
7
6
5
6
1678
9
6
6548
346
5736
9
333
1925
9
7
7
6
6
3005
8
1253
22
6
6
19135
1101
19
6
483
8
1429
9
32
7
6
6
20
7
810
9
7
6
6
6
5
548
8
1730
10
6
6
6
6
6804
1390
11102
8
1324
9
8
7
6
6
5
10061
791
8
7
7
7
695
1244
8
2058
10
7
7
6
6
5
6
6651
8
1584
10
6
7
21
20
22
7
363
9
2209
9
7
15
6
24
6
7
5
6
108
4100
19
438
24245
965
9
6
7
6
1320
10
6
7
18
6
6
6
845
9
626
9
7
6
7
7
179
9
6
6
837
1371
9
7
17
8
6
6
562
10
6
11150
9
1596
20205
9
1300
9
7
6
6
5
6
724
9
6
6
1401
32
8
7
6
20
7
6
5
21
875
11
7
32
26
6
6
6
16
127
1824
10
6
6
6
3039
2278
9
6
6
16138
8
1609
9
6
242
6904
1213
31
6
90
8
8237
1032
8
6
700
9
19
75
1647
8
7
11938
9
1057
9
27
1357
21
7
6
184
9
6
23
448
19
8
68
14217
9
470
16373
10
963
9
7
112
7
7
1303
9
6
6
133
8
6
6
318
19
7
85
1224
9
6
6
6
181
7
7
6
5
613
9
18
131
8
7
5
6
12177
395
8
585
1755
8
56
171
8
23
6
6
6
6
451
8
19
5159
524
8
184
1719
9
6969
1533
31
6
86
19
32
614
9
17
68
12093
9
1019
441
1755
31
6
170
25
7
6
6
5
6
424
8
18
30074
8
1000
10
6
86
8
855
31
6
134
8
6
6
31
871
9
6
133
8
6
6
6
713
10
6
3831
9
1269
9
6
6
6
6
5
19820
996
10
6
6
6
6
1081
9
6
6
6
6
6
1083
28
7
6
5
6
5
6
94
908
8
7
5
6
3453
8
1781
8
7
5
13193
9
1702
9
6
23
53
636
9
6
27
7
6
1077
9
20
7
6
6
6
5
70
391
27322
9
864
10
6
6
1219
9
6
6
6
6
6
5
90
1058
23
8
6
6
6
6
5
809
23
6
7
869
9
6
6
6
6
999
9
6
6
5
6
6
14293
8
425
27593
8
1838
10
7
6
178
8
6
6
7
6
444
9
7
7
6
6
5
973
11
7
6
7
5
6
6
914
9
7
7
7
5
6
6
741
10
6
1217
9
7
6
6
6
6
6
1283
13
7
6
5
6
6
7
6
6341
1385
9
7403
473
512
9
1249
9
7
1944
9
8
6
6
6
6
6728
2288
9
7
6
6
4113
1356
9
19397
1288
9
7
7
6
6
940
9
7
6
7
6
5
1023
9
7
7
6
6
6
5
6
1059
9
14354
10
304
9
6
1612
1350
9
1285
10
7
6
6
5
6
829
9
7
7
6
20518
8
1359
3805
8
17618
493
9
1465
21227
9
1358
7382
502
70
292
1337
10
5440
603
8
34634
963
8
7
1549
1482
9
890
20401
8
231
1426
1807
9
7
7
6
5493
24384
9
1238
9
7
7
6
6
6
1049
9
7
6
6
6
6
5
862
9
7
6
6
5
6
6
1515
2438
8
971
8
90
9
6
611
9
6
20800
8
263
1231
9
6
96
8
6
6
838
8
7
98
9
6
6
914
8
7
100
8
7
5
7
5
582
8
7
1677
8
6
20146
1511
10
6
97
17
6
6
6
6
800
8
7
100
8
7
35
896
10
6
6
5
6
94
8
6
131
1576
7066
9
919
9
7
1623
10
6
91
8
7
6
27809
1518
9
7
104
8
6
6
5
6
916
10
6
114
76
39
33
6
6
610
8
203
8
6
6
6
200
1904
8
6
119
8
6
6
34
69
8
31
69
182
13691
255
8
106743
482
9
477
753
8
6
6
6
6
6
6
7
1067
9
6
6
6
6
5
7
595
7
6
6
6
6
5
6
1036
8
7
5
6
6
5
968
8
6
6
6
5
6
7
662
9
6
3848
8
1543
8
7
6
5
6
6
6
1013
7
7
6
6
5
6
6
7
844
8
7
6
5
6
686
1461
8
7
6
6
6
5
135
8
6
6
6
6
209
2665
56
1328
8
6
6
6
5
6
7
6
5
6
6
6
5
1005
8
6
6
6
5
6
6
7
5
6
6
6
5
6
337
7
914
8
1263
230
8
6
6
6
5
6
6
7
6
6
5
6
341
7
7
4027
8
713
8
6
6
2054
8
6
7
5
6
6
2971
1794
8
6
6
6
893
1831
8
6
6
6
8192
1385
746
8
6
6
6
1832
8
6
6
11103
1437
9
15054
348
8
1696
9
7
6
6
5
6
7
6
6
599
7
6
6
6
5
6
986
8
6
6
6
6
6
1014
8
6
6
6
5
6
7
6
568
13476
9
539
15904
1532
9
6
6
6
41
6
6
7
903
8
6
6
6
6
6
947
8
6
6
6
6
5
6
9
983
8
6
6
6
6
5
7
644
8
6
19543
41
324
1337
9
7
6
5
6
6
6
6
978
9
6
5
6
6
6
6
837
9
6
6
6
6
3711
8
1377
3304
43
259
1061
9
6
6
1878
9
7
5
6
2857
994
1758
9
6
5575
8
765
4499
8
861
360
1920
8
7
6
6
3521
1379
9
11722
1353
8
3155
1605
8
7
6
6
6
6
6
6
964
8
7
6
6
5
6
21955
724
9
8
6
1018
7
6
6
6
6
1219
8
7
5
6
6
6
6
6
1013
8
6
7
6
6
5
6
12254
8
1762
8
7
6
9312
8
1580
8
6
7
6
5
6
6
964
8
6
6
5
6
6
3702
8
999
7
8
6
6
6
1218
9
6
6
5
722
8
5
6
7
15885
1181
8
7
938
9
7
5
6
6
971
8
6
5
6
6
6
1877
9
6
6
6
6
4221
983
8
6
519
3960
7
1255
301
7
6
42827
971
8
6
7
6
5
988
7
6
6
6
5
6
1078
8
7
5
6
6
5
6
6
5709
21
7
6
5
6
6
685
7
6
5
6
5
6
7
7
678
7
6
6
6
6
6
6
201
7
381
8
5
11446
330
8
448
451
7
7
1492
8
6
6
6
6
6
6
7
450
7689
316
8
8131
1242
8
7
6
6
6
5
17515
9
1597
275
8
6
7
5
6
6
6
7
6
5
6
7
859
33
7
6
6
6
6
6
7
6
707
7
6
6
6
5
6
6
6
14260
1361
8
15324
788
8
6
6
1083
8
6
6
6
6
6
6
898
9
6
6
6
6
5
1067
9
7
6
6
6
5
7
963
8
6
6
6
5
6
6
6
13380
1362
8
11496
361
8
802
496
8
141
8
7
315
446
8
6
1068
8
6
6
6
6
6
829
7
7
5
6
6
27473
360
8
1087
8
7
6
5
1747
42
946
225
8
6
6
5
6
6
6
6
6
6
5
6
225
8
12955
738
9
6
6
1237
318
9
6
7
6
7
7
7
11507
998
8
6
6
6
6
1037
9
6
6
6
5
6
649
8
7
11995
8
1286
10
6
6
6
5
6
841
1412
8
7
6
5
6
6
17983
75
275
1558
8
6
6
6
6
5
7
6
6
750
8
6
6
6
739
8
6
6
1507
8
6
6
6
6
5
7
6
6
693
9
6
6
6
5
6
430
8
19652
755
8
6
6
1209
7
7
6
6
6
5
7
6
997
7
7
5
6
6
6
6
7
662
8
11732
8
1387
25356
82
287
1286
8
6
6
6
6
6
6
6
986
9
6
6
6
5
6
6
986
10
6
5
7
5
6
6
6
881
8
6
6
6
6
6
650
8
6
11617
355
8
1559
9
6
6
6
6
6
6
6
6
735
773
8
6
6
6
1311
8
6
6
6
6
5
7
761
8
6
14202
8
586
424
764
8
7
6
6
1030
9
6
6
5
6
6
549
3600
7
499
4033
8
1630
19217
9
1271
9
7
6
6
1170
9
6
6
6
6
434
9
7
636
7
7
6
5
6
5
8
6
504
4443
580
8
7
6
6
8699
1229
8
6
17213
1007
8
6
22216
9
546
1430
8
33839
991
8
5
553
21883
8
1784
8
7
6
5
6
6
6
7
6
1040
42
75
8
6
6
6
7
575
7
6
6
6
6
15929
8
1342
3464
1303
8
7
6
6
5
6
6
956
8
6
6
5
6
6
941
8
7
6
6
6
6
8057
743
9
6
7
5
4560
1568
8
6
6
6
6
5
7
6
504
9107
8
1971
8
7
6
399
8
6
990
9
6
7
6
5
6
7
12296
7
1370
17263
9
719
10
6
6
1292
9
6
6
5
6
7
6
7
981
9
6
6
7
5
6
6
982
8
6
6
6
6
6
6
6
846
8
6
6
6
5
1441
1677
8156
39
338
8255
17
1294
7393
8
1286
8
7
6
6
6
5
8228
497
8
6
1139
9
6
5
1798
8
6
2526
9
381
7
6
2196
8
6
6
5
6
6
15412
356
8
1295
9
6
6
6
1001
8
6
440
9
7
5
7
600
8
6
6
6
6
5
7
786
8
6
6
6
8064
536
7949
9
919
1853
8
7
6
6
11191
401
8
7
1288
9
7
7
6
5
6
6
3875
8
749
8
7
7
1251
10
6
6
49
8
69
32
7
394
8
6
21907
1277
9
8
6
6
6
1160
9
7
6
6
6
6
5
879
9
7
7
6
6
5
6
1835
8
7
6
6
14066
9
1865
12
8
6
5685
9
1484
10
7
6
6
6
6
5
958
9
7
6
6
6
6
6
5
779
9
6
1713
8
7
6
7077
1106
9
8
1822
23
7
7
6
6
1653
1470
8
16367
1383
9
8587
701
8
8
6
970
8
7
6
7
5
2116
8
14
7
6
6
6
6
5
29427
1764
9
7
7
6
6
5
6
6
5
600
9
5942
1198
9
7
7
6
6
5
737
8
7
1010
8
832
2038
9
9
6
6
6
9705
311
9
7167
1162
8
7
882
9
6
6
6
6
570
21476
9
610
25664
1977
10
6
19
6
6
6
21
7
6
6
909
246
9
6
6
5
6
6
566
9
6
6
6946
9
767
8
7
4434
458
9
24472
414
9
3145
1280
9
7
5
6
6
6
862
8
6
6
6
6
5
1055
10
6
6
6
5
6
7823
9
996
8
8
6
6
5
838
8
6
6
1101
8
7
5
6
6
285
413
8
1836
9
10598
9
524
4312
9
999
9
7
5
6
615
8
1695
9
6
6
6
5
11022
1817
9
7
6
7223
8
239
1348
9
7
6
6
6
6
6
5
890
8
8
6
6
6
4376
1771
9
7
6
6
6
5
6
6
5
520
9
1389
15590
1395
8
21675
1297
8
7
7
6
6
6
883
9
6
6
7
5
6
6
987
9
6
7
6
6
6
883
9
7
7
6
5
6
1303
9
7
6
6
6
5
6
6
5
585
8
7
1910
9
7
6
6
6
18303
520
4179
8
955
8
7
7
6
6
1205
9
7
6
6
6
6
6
748
10
7
6
6
588
1521
7870
8
1039
9
6
1774
9
7
6
5148
8
1567
5240
1594
9
23167
1717
9
7
7
5
6
798
10
7
6
6
6
989
9
7
7
5
6
6
6
886
9
7
6
6
6
5
6
7827
1223
10
6
7
6
6
5
594
9
6
1909
1428
8
7
7
6
1821
10
7
7
6
7013
9
980
9
6
1091
10
7
6
6
5
6
12618
1584
8
6918
763
10
7
6
6
986
9
6
6
6
6
6
1571
6470
8
706
8
70
8
994
8
7
73
8
6
43650
1416
9
8
96
8
6
5
6
6
703
9
6
71
8
897
8
7
2593
39
1121
9
7
6
102
8
6
6
6
6
6
5
72
8
656
9
6
130
8
6
6
6
5
6
6
87
8
6
272
8
7
72
8
5
269
8
6
568
717
9
6
67
7
1866
9
6
72
8
6
9839
1371
3246
41
473
8
7
1763
9
6
66
3557
709
9
6
70
8
411
1819
8
7
66
19687
9
887
8
7
66
1187
9
7
97
61
70
33
8
5
602
9
6
76
8
6
6
981
9
6
6
96
71
331
5431
8
984
9
6
1562
6543
1006
9
6
506
295
3623
1231
9
6
66
5092
8
1352
10715
9
593
2703
9
690
13418
815
8
11169
2279
9
7
69
8
8372
1530
8
6
2134
10
6
95
8
6
6
1770
9
514
4895
989
8
6
466
8
12741
237
8
18520
746
9
7
67
941
8
6
80
8
6
6
6
854
9
91
8
6
6
6
962
8
6
95
8
6
6
5
775
8
7
76
8
6
6
1489
9
10481
1203
8
7
637
8
6
67
8
1083
8
99
8
6
6
6
6
12885
8
1089
8
739
8
7
66
8
1704
8
6
6
78
8
6
6
8990
8
1547
25753
8
674
9
6
1376
9
220
8
6
6
6
6
584
8
6
80
8
6
6
824
8
6
6
6
72
8
852
9
6
67
7
4095
647
8
7
1031
8
7
67
16327
21
437
2123
11
21361
983
9
7
20655
4410
8
1048
9
7
643
9
6
66
16644
8
1372
8
1080
8
6
93
8
6
6
6
789
9
79
8
6
6
5
793
8
7
66
11243
1006
12
41
596
9
6
71
8
1217
8
6
380
8
7967
9
275
2815
8
2286
9
6
97
8
6
6
3114
1400
9
3149
1413
8
7081
411
9
6
1256
8
7
67
920
8
7
77
7
6
6
1493
9
2675
1003
8
6
499
8
4156
1416
15147
8
264
4284
9
965
9
7
72
7
1167
9
7
114
34
39
7
36
32
622
8
7
80
8
6
6
12151
11
256
1349
8
6
6
844
8
6
6
6
5
1355
8
6
7
5
6
6
6
7
6
8094
42
298
8103
9
1042
1958
8
7
6
20226
9
747
8
6
6
1551
8
7
6
171
7
6
6
6
518
7
6
6
6
1016
8
6
6
6
6
6
7
6
981
9
7
6
6
5
6
8088
42
327
16135
1314
9
7
5
6
6
6
5
944
9
6
6
47
70
83
526
8
6
7
1339
8
1324
9
6
6
6
6
6
6
6
6
5
6
7186
9
1013
9
6
2154
8
6
5
7
5
6
64075
713
8
7
6
6
776
2782
32
1267
8
6
6
6
6
5
7
6
6
5
6
6
6
893
246
8
6
330
64
39
8
7
33
7
6
7
6
159
8
5
6
6
694
33
7
6
6
5
6
243
759
9
6
6
5
6
40
39
33
747
8
6
6
6
6
5
6
695
9
6
6
6
890
8
7
5
6
1174
8
6
6
6
6
5
6
6
661
8
6
21594
1370
8
6
6
6
1270
8
7
5
6
6
6
7
674
7
7
9750
8
1331
23358
481
8
6
1323
8
7
6
6
6
5
7
6
1019
9
7
6
6
5
6
7
6
995
8
7
6
6
5
6
7
703
8
7
12042
1003
9
6
6
6
6
877
8
6
6
6
6
11731
1583
8
6
7
5
6
6
6
7
740
8
6
6
3967
9
764
8
6
6
1574
9
6
6
6
5
6
6
7
6
551
8
11467
359
1144
8
7
7
6
875
8
6
6
6
1306
8
6
5
6
6
7
5
6
6
7732
8
1360
3161
8
2112
9
6
6
6
5
11986
1484
8
7
6
6
6
889
788
8
6
7
921
8
6
534
9
687
7
6
6
6
5
6
8382
1403
9
6
2214
10
6
6
6
6
6
3319
41
297
442
10
1119
11597
8
1348
11173
379
8
16281
783
9
6
6
6
1350
34
7
6
6
18
6
7
646
7
6
6
6
6
6
1021
9
6
6
6
6
6
5
1038
8
6
6
6
6
6
6
525
9
14866
1698
3057
9
342
1589
8
6
6
6
6
6
6
7
5
689
8
7
991
9
6
6
5
6
12282
420
8
8683
1251
9
299
362
40
449
8
1972
8
7
6
6
2301
776
8
6
6
6
2106
8
7
6
5
6
6
6892
1759
9
6
6
6
6
368
7
6
462
1936
8
6
6
6
5
21603
731
8
7
1155
9
6
6
6
5
6
986
8
6
6
7
5
6
6
948
8
6
6
6
5
6
4593
1211
8
6
6
6
50254
734
8
7
6
1099
8
7
6
6
5
6
992
8
6
6
6
6
6
6
6
862
7
7
6
6
5
1116
9
6
6
5
6
6
6
1024
8
6
6
6
6
6
6
6
681
8
6
17519
309
8
1369
9
6
6
5
6
6
417
767
9
6
6
6
6
6
6
7
605
8
6
6
6
5
6
1090
8
6
6
6
6
5
752
7
7
5
6
11536
310
12417
9
748
8
6
6
1032
8
6
6
7
5
6
8042
8
778
9
6
6
1234
7
7
5
6
6
5
7
6
754
8
7
6
1116
8
6
6
6
5
6
754
8
6
6
6
7690
1278
9
7
5
1919
8
7
5
7
5
15098
693
8
9236
1049
8
6
6
6
5
1204
8
6
6
6
6
5
7
7
737
8
6
6
4251
738
8
6
6
6
1119
8
6
5
6
287
39
292
1819
8
6
2838
41
339
6381
626
9
16567
381
8
1766
9
6
9123
1536
9
7
6
6
6
5
7
7
1016
9
7
6
6
5
6
6
1019
9
6
6
6
6
6
6
6
715
8
6
7
686
8
6
16234
9
1038
8
876
8
7
6
6
6
1601
8
8878
344
8140
9
1018
8
8
6
5
6
796
9
6
1334
8
6
6
5
757
9
6
6
6
16417
339
4166
8
1017
7
7
5
287
38
890
8
6
6
6
6
6
7
742
8
6
6
6
1741
1843
8
7
6
3101
8
1780
8
5
11185
1089
8
7
1223
8
6
6
6
5
594
1819
8
7
6
6
5
6
2598
8
1024
8
6
533
11856
358
8
4086
1052
8
7
6
6
6
1014
9
6
6
6
6
6
3960
8
1688
8
6
6
6
361
7
6
501
9
9733
388
8
5698
349
1862
8
6
6
6
5397
982
8
734
160
8
6
305
555
8
17
7
6
6599
339
460
33
276
10622
9
565
1439
8
735
8
6
6
1874
8
6
6
1273
7
4503
1135
10
7
1549
2947
8
512
3528
13
505
1366
8
7
24247
69
274
482
604
8
33126
1247
10
7
41062
42
373
5239
48102
8
550
1550
8
7
3508
8
1193
8
6
6
13583
337
8
726
1546
8
6
6
6
6
6
7
6
763
9
6
6
11370
8
508
28387
731
9
6
6
6
1309
8
7
6
6
6
6
6
1102
8
7
5
7
5
6
6
8
584
7
6
6
5
6
6
438
9
3945
425
8
338
1019
8
8
6
6
6
6
6
749
7
7
5
6
11814
1927
9
6
6
6
6
360
7
6
1028
8
6
7
6
6
5
6
726
8
6
84
7
15726
1612
9
3046
1806
8
6
6
6
6
6
6
70
38
734
8
6
6
5
6
6
7
6
8010
711
10
6
6
540
8
1794
9
6
6
5
6
6
7
7
5
12160
1368
8
3098
1047
8
6
6
6
6
509
7673
10
746
8
6
6
20284
65
395
7
1692
12
6
6
6
6
6
6
6
603
7
6
6
6
6
5
888
8
6
6
6
6
5
953
8
6
5
6
6
6
6
719
9
6
6
1601
3816
8
1354
3575
8
997
8
6
747
8
6
5
16620
1376
8
7549
1830
9
6
6
6
6
6
6
7
6
989
8
6
6
6
6
5
7863
8
497
8
6
1351
9
69
8
7
6
5
32
253
7
1549
8
6
6
5
6
5
7
532
9
38466
1149
13
9
73
8
6
42
39
29
712
8
7
117
39
30
7
755
9
7
6
13
7
5
6
6
936
355
10
7
6
7
6
5
987
10
7
7
6
6
6
665
8
7
79
7
7
12
6
2165
321
516
9
317
10513
9
889
14372
11
361
8106
1152
10
8
6
6
6
6
5
956
9
7
6
6
8388
10
308
1256
9
6
6
6
6
5
7
7
18146
572
9
6
1589
31
6
7
6
6
5
7
6
717
9
6
6
6
6
6
914
9
6
6
6
6
5
950
9
7
5
6
6
6
3656
9
1334
7256
9
1335
7700
1814
9
7
6
6
6
6
5
7
6
6
11810
772
9
6
6
1060
9
6
6
6
6
378
419
9
6
1254
9
6
6
6
6
6
6
6
817
8
6
6
7571
9
1257
8
6
6
901
8
6
1800
9
6
22596
748
9
6
6
1283
8
7
5
7
5
6
20
8
950
9
7
6
6
6
5
7
6
627
7735
9
1427
9
6
6
6
751
8
6
10330
9
749
9
6
6
575
1515
9
6
6
6
6
6
1091
8
6
6
6
6
6
5
7
4335
9
1376
7489
1393
8
3456
434
9
7
2108
412
10
7
7
5
6
8
7
535
9
7
6
3559
239
8
4229
1034
9
7
7
5
1529
2949
9
220
498
962
9
6
9256
9
249
447
8
805
8
6
6
942
8
6
16205
556
7
12056
1617
42
8
38
31
7
6
7
7
690
8
6
6
6
6
5
690
7
7
17516
489
7
7
1403
70
8
31
7
6
6
6
7
693
7
7
5
6
6
5
1132
10
6
6
42
39
32
799
7
6
6
6
6
5
7
6
863
9
6
6
3347
1173
8
6
1644
8
1417
531
8
12296
1653
6843
8
795
33
7
342
429
7
6
1000
8
6
1990
9
6
6
6
6
3039
978
8
6
884
5965
8
1672
394
8
1660
6619
9
1043
8
941
8
6
6
6
6
556
8
20788
332
6362
8
728
8
7
5
1397
9
6
6
6
6
6
7
6
954
9
6
6
5
6
9077
331
5219
9
751
355
8
826
7
7
6
8358
557
8
8116
1874
8
6
6
6
6985
1319
9
7
6
6
6
6
750
8
7
8435
33
413
8
1256
424
8
6
6
331
8
6
3613
1860
9
6
6
6
6
6
6
6
6
5404
1929
8
6
6
6
32869
1609
9
6
6
6
6
6
6
6
1099
8
6
6
6
5
6
6
865
9
6
6
6
6
7192
8
355
1366
8
6
6
6
6
6
6
7
821
8
6
6
3758
1285
8
7
6
5
4054
532
7
1850
8
7
6
6966
1645
9
15144
354
9
1347
8
6
6
6
6
5
1040
8
6
5
6
6
6
1163
9
6
6
5
6
6
7
6
6
812
8
6
6
551
9
7610
344
9
583
6355
9
2230
8
6
6
6
7173
8
739
8
6
6
12781
1589
10
6
6
6
6
6
5
7
728
8
7
1004
9
6
6
6
5
6
1082
9
6
6
5
6
6
6
7
50277
563
9
7
1303
82
39
33
7
6
6
812
8
255
8
6
6
5
6
5
7
632
38
32
6
6
6
780
8
6
5
6
6
5
7
5
1143
8
6
6
6
6
5
7
817
8
6
6
1809
7
772
8
6
6
1349
8
6
453
7
7
6
6
7
507
8
7
148
8
6
325
294
