275804.5
3854.5
3951.5
4002.0
5524.5
3270.0
3536.5
3537.5
3526.5
4106.0
3902.5
3502.5
3946.0
3398.0
3944.0
3274.0
10649.5
3479.5
4104.0
4009.5
11293.0
7478.0
4898.5
4494.0
5897.0
8697.5
17831.5
10590.5
11318.5
8207.5
8630.5
7846.0
4863.5
3583.5
3785.0
3535.5
4214.0
4202.0
3899.5
3599.5
3601.0
3749.0
4074.5
3705.5
3576.5
6311.5
2994.0
4294.0
4057.0
3920.0
3971.0
3702.5
4453.5
6602.0
3811.0
3582.0
3821.5
5006.5
3444.0
5526.5
3884.5
3468.5
3605.5
4066.0
3407.5
3730.0
3984.5
4418.5
5322.5
4893.0
3448.0
4422.5
3492.0
4165.0
3676.5
3139.5
3632.0
3688.5
3671.0
3933.0
7114.5
3302.5
5653.0
3366.0
5076.0
13949.0
3810.5
4076.0
4174.5
3841.0
3513.5
3473.5
4615.5
4097.5
5561.0
3687.0
3372.0
3544.5
3484.0
3742.0
3862.5
3877.0
3509.0
3915.0
3718.5
5088.0
5303.0
4083.5
4318.5
3817.0
4922.0
4090.0
19659.5
4848.0
4089.5
5119.0
3480.0
15137.0
3956.0
4511.5
3795.0
4303.0
3790.0
5062.5
5317.0
10622.5
6638.0
4100.5
3337.5
2796.0
3205.5
2742.0
4268.5
5612.0
3034.5
3667.0
3100.0
2938.0
2775.5
2840.5
3121.5
2768.5
3128.0
2870.5
2893.0
3267.5
3527.0
3542.0
3735.0
3732.0
3207.5
3270.5
3444.0
4118.5
3667.5
3637.0
20063.0
3247.5
3938.5
4690.5
4720.5
4150.0
5039.0
3718.5
4131.5
4371.0
3881.5
3437.0
3760.0
3991.5
10576.0
10222.5
8229.5
8333.0
8891.0
9075.5
8844.0
3874.5
3663.0
3636.0
4251.0
4175.0
5174.5
4772.0
4088.0
4074.0
4365.0
5277.0
7705.5
7218.5
6617.0
3877.5
6358.0
6410.0
4437.0
6994.0
4700.0
4421.0
3655.5
4409.0
6148.5
12244.0
3884.5
3142.0
4313.0
5666.5
3514.0
3543.5
3333.5
3221.5
3716.0
5912.5
3480.0
3322.5
3243.5
3253.5
3320.5
3588.5
4590.5
3731.0
3668.0
3404.5
3243.0
3599.0
3529.5
3386.5
3245.5
3203.0
5835.0
3465.0
3516.5
3104.0
5006.0
3914.5
5352.0
3111.0
3312.5
4128.5
2985.0
3033.0
4070.0
2818.5
2667.0
2673.0
2938.0
2800.0
3499.5
3701.0
3089.0
3386.0
2975.0
3149.0
3567.0
9333.5
3003.0
3049.5
3262.5
3656.5
16286.0
5901.5
4027.0
3809.0
3707.0
10712.0
11400.0
5266.0
4442.5
3425.5
3342.5
3793.0
4104.5
4004.5
3650.0
3404.0
3560.0
3811.0
3424.5
3440.5
3320.5
3419.0
4361.0
5079.5
4214.0
4892.5
3507.0
3406.0
3569.0
4438.5
4107.0
4091.0
3533.0
3514.5
4700.5
3677.5
3686.5
4229.5
3908.5
3917.0
3735.5
3598.0
4545.5
4491.0
3529.5
3654.5
4276.0
5465.0
5480.5
3518.0
3411.5
3726.0
5955.5
4018.5
3883.0
3912.5
5747.0
4001.5
5769.5
3563.5
5764.0
3720.0
4183.0
3325.0
3432.5
3952.0
4335.5
8876.0
8682.5
11589.0
8433.5
8619.5
9587.0
11202.5
5629.5
4964.0
4823.0
4202.0
3665.5
3513.0
3539.0
3836.0
4489.0
3820.5
3332.0
4541.0
3754.5
3479.5
10616.0
4827.5
2767.5
2664.0
2873.0
3237.0
2974.5
3008.0
3082.0
3067.5
4211.0
4872.5
3329.0
5953.5
3028.5
2925.5
5076.5
3435.0
3426.0
8850.0
3985.0
14659.0
4345.5
10848.5
5374.0
3505.0
3727.0
3280.5
3481.5
13358.0
3985.0
3500.5
3063.0
4366.5
3579.5
3202.5
3515.0
3239.0
3843.0
3191.0
3291.0
3550.0
4272.0
4550.5
3464.5
4079.5
4122.5
14552.0
3262.5
5038.0
3530.0
3429.5
3968.5
3918.0
3589.0
3543.0
4315.0
3658.0
3217.5
3595.0
3343.5
3520.0
3531.5
3295.5
3385.0
3313.5
4864.5
3650.5
3450.0
3764.5
4073.5
3484.5
3486.0
3480.0
3898.0
11766.0
3755.5
4198.0
5250.0
4359.5
3809.0
4136.5
4155.5
3623.5
3673.5
3708.5
12943.0
12987.0
6867.0
3986.0
4936.5
3848.5
3879.0
4224.0
4116.5
3690.5
3611.5
3804.0
5370.0
4010.0
3752.5
3630.0
3378.0
3663.0
3516.5
4555.5
3703.0
3604.5
3622.5
3411.0
3877.0
3944.0
4016.0
4156.5
2994.5
3541.5
2886.0
6074.5
2824.0
4064.0
2876.5
2685.0
3159.0
2608.5
2947.5
3253.0
4526.0
2687.5
7858.5
2956.0
3006.5
2818.5
3300.0
7390.5
8737.0
8197.5
17201.5
7936.5
3549.5
3443.5
3719.5
3705.0
3428.0
4430.0
3218.5
5946.5
3366.0
4385.5
3799.5
3542.0
3370.5
5045.0
3306.0
3385.5
3800.5
3565.5
3411.0
4077.0
3367.5
4282.5
3467.5
3604.0
3121.5
3332.5
3114.0
3267.0
3527.5
3675.5
5018.5
3571.0
3578.5
3620.0
5635.0
3112.5
4349.0
3340.0
3385.0
4517.0
3482.5
3542.5
3728.0
5359.5
4410.0
3767.0
3866.0
5141.0
7373.0
3401.5
2787.0
3000.5
3482.5
2966.0
2739.5
4323.5
3564.5
3577.0
3641.0
16567.0
4102.5
3670.0
4588.5
3172.5
3725.5
3647.5
3673.5
3686.5
3021.0
12082.5
5617.5
23694.0
10257.5
3477.5
22407.5
21714.5
13121.0
4027.0
3840.5
2856.5
2703.5
2650.0
2564.5
3332.5
2884.0
2788.5
2802.0
4148.0
2662.5
2937.5
3073.5
3093.0
4688.0
11004.0
4392.5
4528.5
3929.0
2775.0
3515.5
5020.0
9005.5
4385.0
5810.5
6895.0
4004.0
4783.5
3126.5
2856.5
3487.5
2999.5
4030.0
4187.5
4850.0
2797.5
5539.0
3980.5
5110.5
3495.5
3500.0
4003.0
3813.5
10148.0
3707.5
3718.0
3694.5
5905.0
4445.5
3048.5
3361.0
3154.5
3483.0
2886.0
2993.5
3178.5
3593.0
3388.0
4070.0
3706.5
3864.0
5177.5
3881.5
4445.0
4085.0
4601.5
4049.0
3775.5
9051.0
8108.0
10146.5
10699.0
8441.5
7948.5
9851.0
4105.5
3342.0
4611.0
5486.0
4092.5
4248.0
3316.5
3275.5
3913.5
3889.0
3422.5
3152.5
3376.5
3134.0
3385.0
4282.0
6643.5
3390.0
3601.0
3497.5
3223.5
3911.5
3641.0
3175.0
3533.0
4019.0
3381.5
3969.0
4946.5
4003.0
5692.5
3792.0
3149.5
13672.0
3078.5
3021.0
6155.5
3119.5
2918.5
4082.5
2866.5
3624.0
4203.0
2672.5
2799.5
3095.5
2746.5
2630.0
2979.5
2951.0
2965.5
3312.0
3093.5
4746.5
4424.5
5633.5
4298.0
3109.0
3328.0
3079.0
4155.0
3735.5
5020.0
2780.0
2825.5
2835.0
3103.0
3335.0
4465.5
4250.5
3732.0
3240.5
3155.5
3320.5
3325.0
4288.0
3409.0
4031.0
3597.5
4097.0
3034.5
2903.5
3527.0
3595.5
3551.0
3248.0
2946.5
3241.5
3461.0
3102.5
3297.0
3274.0
4431.0
3194.5
3218.0
3591.0
3097.0
4364.0
4334.5
3976.5
3189.5
4117.0
4302.5
4146.0
3614.5
4296.5
4081.0
4295.5
3458.5
3708.0
4029.0
3999.5
5474.0
3782.0
3512.5
3316.0
3187.5
3379.5
3315.0
3629.5
2960.5
6166.0
3172.5
2732.5
4247.5
3136.0
6796.5
3023.0
2707.0
3012.0
2884.5
2928.5
3044.0
3140.5
3133.0
3208.0
3259.5
3941.0
4670.0
4502.5
3236.0
4075.5
3530.5
4228.0
2973.5
3692.5
3978.0
6074.5
3589.5
3776.0
3821.0
8600.5
10568.5
7921.5
8350.5
7539.0
8285.5
9842.5
4434.5
3475.5
3114.5
3139.0
3391.5
3167.0
2971.0
2594.5
2838.0
2583.0
2776.0
3318.5
2672.0
3149.5
3763.0
3089.0
3139.5
3120.0
3109.5
3242.0
3676.0
3297.5
13087.5
3942.5
4297.5
3253.0
3653.0
2608.5
2622.5
5643.5
6428.0
3716.5
3892.0
4049.5
4208.0
2790.0
3858.5
13912.5
33501.5
3552.0
3789.5
4132.0
4705.5
3593.0
4488.0
3374.5
3663.5
3516.0
3326.5
3365.5
3367.0
3288.5
4991.5
3147.0
3575.5
3500.5
6408.5
5381.0
4327.5
5109.5
3431.5
3625.5
3086.5
2782.5
2841.0
3335.5
3583.5
3530.5
3577.5
3881.0
3023.0
4435.5
3084.5
4045.5
3279.0
3420.5
3268.5
3559.0
3659.5
3234.5
3761.0
4213.0
4157.5
4185.5
2920.5
3091.0
2979.0
3233.5
3095.0
2927.5
3098.5
3006.5
3092.5
6862.5
4122.0
3767.0
3053.0
4266.5
5776.0
3314.5
4415.0
3710.5
4270.5
3607.5
3121.5
3391.5
4173.5
3300.0
3463.0
3212.5
4460.0
3147.5
4891.0
3772.0
3707.5
3493.0
3294.0
2919.5
3203.0
7295.5
3627.5
3705.5
3636.0
5127.5
3515.5
3322.5
2791.5
3233.0
2622.0
2854.5
2813.5
3518.5
2656.0
2607.5
2832.5
2707.5
3407.5
3212.0
2643.5
3052.0
3849.5
3031.5
6288.5
6740.5
7362.0
9130.5
19876.0
154962.5
6188.5
5085.5
15701.5
4404.5
6653.0
4475.0
5381.5
4432.0
4915.5
4708.5
4346.5
3449.5
4306.5
3210.5
4184.5
4373.0
3622.5
3700.5
4650.5
4138.0
3872.5
3854.0
4452.5
5592.0
3248.0
6188.0
4014.0
6313.5
3462.0
3298.0
5222.5
3796.5
4262.0
3405.5
3292.0
3563.5
3306.0
3341.0
3306.5
3792.0
5061.0
3285.5
3602.5
4502.5
4000.0
3516.0
3176.0
2952.0
2999.5
3168.5
3087.5
8972.0
3800.0
3991.0
3089.5
2905.0
3904.5
4511.0
4210.5
3481.5
3316.5
3271.5
3547.0
4828.5
3224.0
4380.5
3291.5
3435.5
3465.5
3380.5
5178.0
6520.0
3256.5
7593.5
179317.5
4167.5
6623.0
4919.0
3380.5
3625.0
3736.5
3472.0
3875.0
4259.5
3703.0
3508.5
5634.5
4249.0
3794.5
3789.0
5080.5
6835.0
3857.5
3371.0
3416.5
3207.0
3553.5
3341.0
3937.0
4285.0
6576.0
3572.0
5508.5
3395.5
3028.0
3320.5
4110.5
3030.5
3339.0
3481.0
3716.0
4072.0
14780.0
4789.0
4162.0
4102.0
5248.0
3634.0
3090.0
3416.0
3133.5
3360.0
4916.0
4127.5
4812.5
4133.0
3643.0
3634.0
3697.5
4559.0
4794.0
3877.5
3204.0
3662.5
4177.0
3665.0
10563.0
8493.5
7625.5
7035.0
7175.5
7480.0
10160.0
5997.0
3419.0
3318.5
4266.0
3766.0
3547.5
4904.5
3104.0
3731.0
3625.5
3146.5
3661.5
5102.0
4328.0
3232.0
3771.0
4108.5
3421.5
2994.5
3424.5
3271.5
3078.5
3461.0
3102.0
3763.0
4186.5
4154.0
3591.5
4336.0
4789.0
19289.5
3259.0
4066.0
3255.5
2834.0
4065.5
3301.0
5319.5
3454.0
3616.0
4372.5
3256.5
3396.5
8223.5
4079.5
4232.0
3878.0
3876.0
3163.0
6479.5
3599.0
4267.5
3109.0
3501.5
3352.5
4166.5
4308.5
3703.5
3384.0
4358.5
3785.5
3215.5
4245.5
3759.5
4430.0
3249.5
3386.5
3825.5
3438.5
3543.5
3577.0
2993.0
3378.5
4762.0
4192.0
3060.0
3612.0
4971.0
12240.5
3303.0
3707.0
3536.0
4111.5
3960.0
4072.0
4271.5
3337.5
11720.5
11367.0
4239.0
26971.5
4026.0
4910.0
3762.0
4311.0
3535.5
3491.0
4602.5
2928.0
2992.5
3063.5
3435.5
3963.0
5594.0
3549.0
2913.5
14158.5
3641.0
4783.5
3289.0
3276.0
3268.5
5438.0
6989.0
3466.0
3035.0
3717.5
4202.0
3192.0
3590.5
3133.0
3424.0
3165.0
2992.5
3890.0
4626.0
3855.0
3234.0
3518.0
2875.0
3910.5
2824.0
3664.5
3636.5
3982.0
2768.0
2895.5
7216.0
9146.0
9278.5
7470.0
9869.5
2949.5
3137.5
4241.5
4361.5
3509.5
4845.0
4896.5
3282.0
3110.0
5643.5
3015.5
3615.0
3474.0
2966.0
3037.5
2872.0
3028.5
3179.0
3291.5
4303.5
3238.5
3310.0
2814.0
3144.5
2964.0
4317.0
3272.5
2976.5
2942.5
3035.5
4361.5
3988.0
3407.5
3302.5
4824.0
3400.5
4965.5
8688.0
3150.5
3621.5
2795.0
3639.0
5687.5
4327.0
4068.5
6140.0
4337.5
9354.0
3990.0
6031.0
5077.5
3402.5
3073.5
2742.0
2896.5
2615.5
2762.0
4794.0
12423.5
3142.0
3189.5
3544.0
2845.0
2792.0
3053.0
3706.0
3589.5
2898.5
3491.5
4018.0
3911.5
3109.5
3978.0
3532.0
2970.5
3243.0
3385.0
2904.0
2743.0
3539.5
3155.0
2864.5
3014.0
2956.5
3095.0
4746.0
3050.5
7465.0
3382.5
3276.5
13309.0
5218.0
5055.0
2880.5
2778.5
4415.0
3219.5
5188.5
2782.0
3131.5
3341.0
3281.0
2806.0
3008.0
2714.0
2889.0
2813.0
3235.0
14097.5
2915.5
14567.5
11327.0
30275.5
44880.5
4874.5
4900.5
4891.0
5124.0
3511.5
3300.5
3642.0
3262.0
3492.5
3573.0
3535.5
5108.5
3274.5
4198.5
3960.5
3969.5
3580.5
3100.0
2950.0
3194.5
7904.0
7312.0
9357.5
9239.5
7273.5
8306.5
7943.5
3534.5
3567.5
3763.0
5771.0
3353.0
3584.5
2892.5
2999.5
2899.0
3029.0
2913.0
3040.5
3231.5
4203.0
3034.5
3391.5
3385.0
3218.5
5324.0
3561.5
4713.5
3388.5
3214.5
3664.0
5240.0
2993.0
3396.5
3285.0
3208.5
3318.0
3308.5
2866.5
5165.5
3539.0
3986.0
3473.5
4696.0
3495.0
2951.5
3300.0
9761.0
3161.5
2709.5
2751.5
3552.5
3712.0
2883.0
3235.5
3219.0
2848.5
2817.5
2954.0
4254.5
2637.5
2817.5
2667.5
3617.5
3472.5
2938.5
4005.0
3153.5
3699.5
3288.5
12287.5
3547.0
9230.0
3341.0
4738.0
6105.5
3301.0
13190.5
2808.5
2597.5
2728.0
2868.0
2813.5
3578.5
3663.0
3635.0
3570.5
3379.5
3224.0
3007.0
4529.5
3398.0
4453.5
3676.0
3022.0
3012.0
3544.5
3369.5
3580.0
3598.5
8109.5
3386.5
4852.0
4776.5
12730.5
4131.0
3815.0
3529.0
3672.5
3920.0
3050.0
3391.0
3123.5
3017.5
4727.5
3699.0
4508.5
3391.5
24114.0
3983.5
14631.0
5319.5
3971.0
3359.0
3134.5
3329.5
3255.5
4008.5
3410.5
3577.0
3340.5
3570.5
3341.5
4975.5
3697.0
4041.5
3694.5
4123.0
3335.5
3747.5
3040.5
3370.5
4768.0
3136.5
3311.0
2910.5
3005.0
4074.5
3034.0
3278.5
4171.0
3422.0
5868.5
4876.5
3215.0
8150.5
7178.0
11308.0
10906.5
7828.5
8919.0
7473.0
2950.5
2994.5
3706.0
3674.0
2802.0
6299.5
3179.5
2989.0
3382.0
3199.0
3176.5
2958.5
8218.0
3069.5
3132.5
2961.0
4594.5
3854.5
3784.0
3369.5
3699.5
3571.5
3122.5
3071.0
3417.5
3741.5
3101.5
3371.5
3367.0
3541.0
4420.5
12290.5
3894.5
11371.5
3510.5
3761.5
3159.0
4431.0
3523.5
3025.0
4802.0
2730.5
3108.0
3195.0
3148.0
12101.0
3514.5
3801.0
4020.0
3784.0
4346.0
8004.5
4514.5
6606.0
5800.0
6302.0
3729.5
3065.0
2951.5
4318.5
12820.5
4433.5
3409.5
3511.5
3813.0
3359.0
3405.5
3295.0
3156.5
3582.5
13338.0
6421.0
3858.0
3568.5
3325.5
12236.5
3392.0
3201.5
3295.0
3298.0
3255.5
13861.0
5003.0
3952.0
3509.0
3442.5
3787.5
5355.5
3852.0
4189.5
5904.5
16561.5
3728.0
3299.5
3409.5
3461.0
3027.5
2923.5
3047.0
2776.0
2798.0
2841.5
2702.0
3133.0
3602.0
3998.0
2857.0
4085.0
2612.5
2723.5
3061.5
2644.5
2727.5
2647.0
2540.5
2685.5
2894.5
3029.0
2961.5
4386.0
3002.0
4579.5
2828.0
3231.5
3215.0
2936.5
2590.5
2692.0
3743.0
2592.0
2552.0
2793.5
2818.0
2755.0
2921.5
2762.5
3074.0
2759.0
8157.0
7637.0
2869.5
3331.0
3146.5
2796.0
2907.0
3026.0
3508.5
7528.0
8158.5
10871.5
8680.0
9215.0
10560.0
7332.0
9440.0
3188.0
4016.5
3326.0
3156.0
3058.0
3776.0
3288.0
3121.5
3302.5
2936.0
2977.5
3237.5
2940.5
6071.0
3792.0
6227.0
3628.5
3341.5
3644.0
3168.5
3337.0
9126.0
3567.5
3944.0
3406.0
5040.0
3551.0
4957.0
3214.0
3672.5
3759.5
3867.0
3198.0
4212.5
3143.5
3963.5
3164.0
2955.5
4121.5
4318.0
3877.0
3855.5
3570.0
3724.0
4315.5
3766.5
3324.5
3533.0
3601.0
3359.0
3333.0
3530.0
3760.0
4487.0
5256.5
3361.5
4782.0
3438.5
3188.5
3307.5
3224.5
3800.0
3238.0
4307.0
3540.0
3015.0
4686.5
3132.5
3967.5
3663.5
3432.5
3391.0
3095.5
2664.0
2819.5
2603.0
2647.0
3013.5
2621.5
2708.5
2771.0
2777.0
4315.5
5045.0
4616.5
3033.5
3109.5
3212.5
3671.5
3213.5
3759.5
3545.0
4168.0
3302.5
3428.0
4557.0
3536.0
3431.0
5676.5
3436.5
23683.5
3310.0
3679.5
4397.0
4709.0
3132.0
3399.5
3151.5
3183.0
2995.0
3445.0
3561.0
3461.0
3233.0
3279.5
3123.0
3390.5
3833.0
4006.0
4203.5
3342.5
3834.5
3730.0
3441.0
4006.5
3513.5
3497.0
3444.5
3311.0
3407.5
3612.5
4237.5
3450.0
4287.5
4229.0
3619.0
3522.5
7006.5
3996.5
12764.0
3419.5
2973.0
4168.5
8031.5
9394.5
7851.5
10424.5
7677.0
11302.5
10985.5
3230.0
3278.5
4523.5
3986.5
4489.5
2935.0
2971.0
4543.0
4855.0
4257.0
5803.0
4704.5
3771.0
3312.0
3803.0
3286.0
3459.5
3611.0
3346.5
3628.0
3451.0
4657.0
4937.0
3889.5
9602.0
4174.0
4055.0
4874.0
3766.5
4005.0
3546.0
3229.0
4245.0
5031.0
4227.0
7397.0
3088.0
4106.0
3055.0
3029.5
3096.0
2745.5
3064.5
3053.0
3109.5
2939.5
2998.0
3761.5
3406.0
3602.0
3333.0
3307.5
5537.0
3663.0
3303.5
3151.0
3699.0
3491.0
3218.0
13653.0
12204.5
4003.5
5022.5
4936.0
7281.0
4123.0
4219.5
4381.0
4809.0
3938.0
3478.5
3909.5
4481.5
3715.0
3821.5
4123.5
3919.5
3584.5
3518.0
4165.0
4461.0
5225.0
6509.0
3540.0
3650.0
3725.5
4242.0
3817.5
3216.5
3581.0
3165.0
3363.5
14120.0
3811.0
3574.5
3600.5
5795.5
4564.5
3602.0
3394.0
3475.0
3343.5
3429.5
3709.0
5495.5
3212.5
3624.0
3480.5
3675.5
3784.0
3945.0
3511.5
3378.0
3127.5
3441.0
3622.5
3595.0
3646.0
5205.0
2847.5
2707.5
3269.0
7562.5
3622.5
4672.0
4857.5
3176.0
3206.0
3576.5
3351.5
4677.5
4231.0
3246.0
3748.0
4487.5
3378.5
3757.0
3434.5
3011.0
3037.0
3199.0
2982.5
3079.0
4156.5
2996.0
4265.5
2919.0
3016.0
9341.5
9668.0
7414.0
7809.5
8572.0
8045.5
9137.0
3000.0
2902.5
3543.0
3166.0
3460.0
3052.0
3774.5
3364.0
3105.5
4316.5
3612.5
2987.0
2899.0
3063.0
3223.5
3069.0
3477.5
3288.0
3999.5
9148.5
4818.0
4591.0
3864.5
4741.5
5417.5
3790.0
3908.0
4377.0
3244.0
4039.0
3486.0
3711.5
3588.5
4298.5
3760.5
4663.0
4394.0
5067.5
3424.5
3964.0
3993.5
3755.0
3385.0
3576.5
5030.5
3562.5
3754.0
4186.0
4038.5
3334.5
3572.5
3452.5
5546.0
3522.5
3414.5
3373.0
3581.0
3676.0
3583.0
4355.0
3914.0
4522.0
10849.0
3400.0
3394.5
11632.0
3292.5
3765.0
4125.0
6145.0
5320.5
3903.0
5383.5
3045.5
2868.5
2906.5
2970.5
3009.5
2876.5
2995.0
3183.5
4456.5
3038.5
3836.5
3956.0
5188.5
4380.0
3672.0
3376.0
14192.5
3700.5
5344.5
3738.5
9926.5
4203.0
4910.5
4114.0
3734.0
3801.0
4914.0
5592.5
3858.5
3844.0
3425.0
3414.5
5244.0
3467.5
3646.5
53023.0
75254.5
3220.5
3547.5
3833.5
45831.5
66357.0
7381.0
3823.0
3864.0
3948.5
3446.5
85098.0
44126.5
68050.5
5470.0
4365.5
3929.0
4447.0
4159.0
159878.0
5605.0
4343.0
4073.5
4329.0
5366.5
4293.0
3574.0
4471.0
3600.5
3568.5
3639.5
3561.5
5194.0
3683.0
8716.5
9270.0
8785.0
8020.0
8261.5
9215.5
8925.5
3902.5
3795.0
3630.5
4527.5
6106.0
12987.5
11544.5
3696.0
3883.0
3595.0
3806.0
3533.5
3488.0
4291.5
4113.0
4083.5
4305.5
3529.5
4202.5
3975.5
3612.0
4239.0
3527.5
3806.5
4527.0
7315.0
3746.0
3702.0
4691.0
3647.0
3884.0
3377.0
4271.0
4065.5
4419.0
3978.0
6085.0
3881.5
7881.5
8623.5
3840.5
4996.5
4115.5
3839.0
9382.5
6742.5
3155.0
3027.5
4983.5
3863.0
11373.5
3583.0
3779.5
3559.0
2991.5
2909.0
4936.5
2919.5
3077.0
3329.0
3284.0
3104.5
3326.0
4418.5
3115.5
3007.5
3442.5
3079.0
3811.5
3351.0
3160.5
3932.5
3633.5
4341.5
3161.5
3349.0
4391.5
5031.5
6275.5
3311.5
3678.5
4266.0
3481.5
3966.0
3762.5
4657.0
5286.5
4390.5
4129.5
5315.0
4944.0
4220.5
3903.0
15559.0
3809.0
3767.5
3696.0
5398.0
5246.0
5011.0
3608.5
4099.5
4252.0
3604.0
3402.5
4744.0
3711.0
3504.5
3405.0
3610.5
4900.0
3538.0
3580.0
4885.0
3264.0
3380.0
3264.0
3264.5
3810.0
3485.0
3848.0
3508.5
3375.5
3621.5
4934.0
3589.0
4078.5
3532.5
3881.0
3449.5
3464.5
3595.0
4158.5
3800.0
4052.0
3634.5
3791.0
3412.5
4397.0
3391.0
4116.5
3835.0
3734.5
3426.0
3629.5
3318.0
3346.5
4622.0
3569.0
3967.5
9565.5
10588.0
7909.5
7726.0
8609.0
20488.0
4026.5
3128.5
4139.0
3562.5
3121.5
3019.0
2969.5
2910.5
2725.5
2690.0
2916.0
2926.5
2889.5
4528.5
2895.5
6779.5
3074.5
3293.0
2897.5
2931.0
2734.5
2755.0
2830.0
2634.0
2783.0
2783.5
3056.0
2876.0
4015.5
4056.5
2859.0
2850.0
2754.0
2979.0
4655.5
4868.5
3460.5
3251.0
3725.0
3296.0
4996.0
3103.5
4487.5
4454.5
3456.0
3656.0
4498.0
3472.5
3120.0
2982.5
3629.0
3224.5
2994.5
2996.5
2897.0
3058.5
2964.5
3175.0
5067.0
4228.0
3236.5
3734.0
3366.0
3344.5
3947.0
3105.0
3934.5
3282.5
3266.5
3409.0
3458.0
3884.5
4894.0
6330.5
4134.5
4010.5
3563.0
3343.5
4316.0
3443.5
3925.0
3410.5
3376.5
2925.5
3136.0
5001.5
3240.5
4962.0
3748.0
3514.0
3045.0
3028.5
2987.5
3267.5
3148.5
3495.0
3433.5
13634.5
3939.5
3858.0
4772.0
2938.0
3223.5
3564.5
3280.0
3094.5
3401.0
2959.0
2823.5
2960.0
3779.0
3604.5
3830.5
2888.5
2786.5
3414.0
4113.5
3277.0
3201.0
3376.0
3444.5
4078.5
3528.0
3737.5
3486.0
5094.5
4481.0
3412.0
5200.0
3524.0
3419.0
3790.0
3397.0
6480.0
3251.5
3637.5
4182.0
10339.5
3666.0
3567.5
3296.0
3918.0
4866.0
7067.0
5992.0
3902.5
8802.0
11065.0
7663.0
7234.0
7477.5
7318.5
7114.0
3350.0
3695.5
9930.5
5222.5
4543.5
4539.0
4113.5
6813.0
9856.0
5339.5
4359.5
4851.5
5368.0
3475.0
3723.5
2868.0
2901.0
7349.5
2802.5
6209.0
8468.5
5962.0
2844.5
3042.5
3076.0
3039.5
3197.5
3184.5
3008.0
3135.5
3743.5
3436.5
3791.5
4277.5
3612.0
3119.5
3826.5
3215.5
3371.0
3440.0
3200.0
3342.5
4226.5
3588.0
3331.5
3499.0
3452.5
3330.0
4987.0
3836.5
5421.5
3452.5
3268.5
3744.5
3981.0
3313.0
3355.5
3942.0
3525.5
3548.5
3865.0
3671.5
4191.0
6449.5
3411.5
5025.5
3521.0
3125.0
3270.0
3769.5
3201.5
3127.5
3143.0
4023.0
3442.5
4772.0
3148.0
3851.0
3131.5
3437.5
4002.5
3585.5
3734.5
3723.0
3681.0
5129.0
3660.5
4050.5
5045.0
3820.0
4230.5
3564.0
4027.5
13443.5
4026.0
3431.0
3403.0
4501.0
4250.5
4286.5
3261.0
3137.0
3407.0
2998.0
3139.0
3272.5
3363.5
3288.5
2626.5
2867.0
2634.0
2566.0
2704.5
2620.5
2551.5
4178.5
3317.0
2805.0
2768.5
3204.5
3172.0
2981.5
2587.0
2856.0
2616.0
3106.0
3389.5
3314.0
3312.0
3146.5
3014.5
4159.5
3780.5
3597.0
3347.5
4401.0
7597.5
3514.0
4168.5
3375.0
3346.5
3492.0
4242.5
3827.0
4875.5
8167.5
7281.5
3665.0
8299.5
7986.0
8207.0
10428.0
10558.5
7903.5
9230.5
3401.5
3595.5
3257.0
4139.5
5371.0
3996.5
4247.5
4025.5
4248.0
4155.5
3797.0
3424.5
3511.5
3492.5
3520.0
4010.5
3929.5
4595.5
10637.5
4503.0
3881.0
4175.5
5123.5
4016.5
4047.0
3862.0
8485.5
19895.5
4093.0
5766.0
14306.5
3933.5
6132.0
3737.5
3871.5
3895.0
4627.0
3946.5
3472.5
3837.0
3617.5
3502.0
4723.0
3894.5
4927.5
4317.0
5767.5
3401.0
3763.0
4317.0
3878.0
3703.5
4227.0
4088.5
3344.0
3168.5
3755.5
3746.0
3842.5
3862.0
3000.0
2844.0
2749.5
2763.0
3525.5
3536.0
2680.0
3264.5
2793.5
2815.0
2735.5
3560.0
3379.5
3704.5
3699.0
2926.5
3373.5
2867.0
3036.5
3411.0
3150.0
2780.0
2755.0
2960.0
3223.5
3177.5
2970.0
2928.0
13589.0
3772.0
4345.0
3883.5
3383.5
3180.0
3612.5
3686.5
3262.0
3401.0
3439.5
3588.5
3423.0
4961.0
3274.5
5171.5
3901.0
4309.5
3233.5
3299.5
4149.0
3804.5
3989.5
3737.5
3922.5
4378.5
3831.5
3343.0
3623.5
3875.0
3786.0
4123.0
4453.5
3943.0
4064.5
3910.5
4126.0
5583.0
6070.0
3528.5
3553.5
6042.0
3474.0
4427.5
4415.0
3309.0
3674.5
4441.0
4087.5
4364.5
5114.5
4160.5
8611.0
10804.0
8413.0
9235.0
9736.5
10553.0
10853.5
3483.5
3525.5
3985.5
3503.0
4001.0
3910.5
8085.0
3821.5
4054.0
3642.5
3222.5
3555.5
3607.0
3346.0
3198.5
6782.0
3309.5
3647.0
3268.5
4800.0
3393.5
4053.5
3445.5
3419.5
3684.0
3711.0
3567.0
3724.0
4182.0
3276.0
3232.5
3370.5
3178.5
4308.5
3169.0
3474.5
13098.5
3245.5
12857.5
2801.5
2735.5
2765.5
2882.0
4437.0
2876.5
3406.5
2953.0
4556.0
2938.0
3207.5
3893.0
2979.0
2907.5
2885.5
2866.5
2670.5
4522.5
5529.5
4276.0
7249.0
5442.0
3641.0
3891.5
3758.5
3741.0
3390.5
3700.5
3732.0
3638.5
3023.5
4178.0
2959.5
3410.0
3023.0
3055.0
3715.0
3240.5
3205.5
3000.5
3215.0
3521.0
3355.0
3630.0
3281.5
3556.0
3396.0
4109.5
5040.5
3260.5
2980.5
15359.0
4799.5
3368.5
5996.0
3595.5
7674.0
3935.0
3971.5
3890.5
3674.0
3457.5
4247.5
3480.5
4545.5
3914.5
5122.0
6976.5
4990.0
5576.5
4928.0
4386.0
4359.0
3935.5
12302.0
3636.5
4401.0
3763.5
3945.0
3673.0
3433.0
3506.5
3408.0
3444.0
3539.0
11228.0
3634.0
3234.0
4250.5
3631.0
3977.0
3526.0
3416.5
3554.5
3478.5
3328.0
3308.0
3489.5
3887.5
3552.5
3401.5
5491.0
4386.5
4530.0
3821.5
4540.0
3609.5
2832.0
7224.0
7583.0
7456.5
8298.5
8064.0
8688.5
7934.0
8782.0
3882.5
4809.0
3483.0
3701.5
8151.5
6893.0
4100.5
3537.5
3175.0
3193.0
11942.0
12731.0
4355.0
5348.5
4486.0
3512.0
4338.5
3257.5
3745.5
3925.5
3192.0
3298.5
3457.0
3489.5
3923.0
4374.5
9254.0
12225.5
3930.5
5058.0
3485.5
3590.5
4016.5
4872.0
3731.5
6993.5
4272.0
3498.5
4351.0
3478.5
4675.5
3501.0
3658.5
3643.5
12674.5
3702.5
4325.0
3398.0
4163.0
3782.5
3314.5
3691.0
3367.5
3573.0
3722.0
3463.0
3434.5
4634.0
4440.5
5562.5
3426.5
3412.5
3288.0
4340.0
3230.0
3270.0
4556.5
3481.0
3692.5
13915.0
4218.5
3885.0
3946.0
3493.5
3803.5
5164.5
4347.5
4523.5
3685.0
4611.5
3732.0
4433.5
5710.0
3633.0
3126.5
2982.5
3203.0
4375.5
3511.5
3157.5
3670.0
4142.0
3438.5
3452.5
4838.0
3894.0
5501.5
4545.0
5174.0
3423.0
3819.0
2954.0
3057.5
2730.0
3081.5
2580.5
2715.5
3874.0
3589.5
2843.5
4288.0
3115.0
2572.5
2969.5
3207.5
3383.0
4832.0
4549.0
2988.0
3736.0
3347.5
4065.0
13733.0
3263.0
10253.0
4371.5
3476.5
3466.5
4342.5
4209.5
3493.5
5513.0
3335.0
4530.0
3588.5
3635.0
3653.0
4107.0
3590.5
3788.5
3644.5
4358.0
4030.5
3478.5
4573.0
3953.0
3160.0
7990.0
8393.5
12629.5
12153.0
11819.0
8207.5
8107.0
4497.0
4064.0
4274.0
4163.5
4365.0
5274.0
5840.5
4762.5
3683.5
3408.0
3497.0
3964.0
6156.0
3842.0
3642.0
3852.0
3499.5
4926.5
3735.5
3731.0
5367.5
5931.0
3719.0
4093.0
6064.5
8969.0
3792.0
5155.0
5112.5
5290.5
3727.5
3720.5
3970.5
4286.5
4048.0
4089.5
3746.0
3994.0
3967.5
5065.0
4294.5
3611.0
5585.5
3739.0
3597.0
3675.5
4646.5
4363.0
3474.0
3072.0
4985.5
4133.0
4004.0
5513.0
3250.5
2997.5
2715.5
16688.0
3000.5
2576.0
2625.5
2960.5
4547.5
4127.0
5992.0
3032.5
3115.0
3058.5
3458.0
2896.0
6144.0
3785.0
3659.5
3897.0
4772.5
5289.5
18623.5
4257.5
5706.5
4087.0
3954.5
3739.0
3868.0
4266.0
4533.5
6145.0
3814.0
3518.5
3971.5
4133.0
3721.5
4259.5
3786.5
3463.0
3423.0
3528.0
6249.5
3688.5
3494.5
3635.5
4214.5
3628.0
3558.5
3998.5
3814.5
3531.5
4308.5
3676.0
4107.0
4412.0
3942.5
5896.0
3389.0
14173.5
3959.5
3982.0
3621.0
4063.0
3994.5
4928.5
3885.5
4427.0
3936.5
3702.0
3871.0
4192.5
5468.5
4293.5
4212.0
3751.5
3854.0
5245.5
10116.5
3922.5
5508.0
4072.0
4331.5
4303.5
4181.0
4664.5
3877.5
4775.0
3284.0
5746.0
3822.5
3949.5
4939.0
3578.5
9967.0
7831.0
9298.0
10445.0
7868.0
8076.0
7515.0
4913.5
4235.5
4823.5
4330.0
4033.5
4317.5
3105.0
3015.5
3525.0
3434.0
3533.5
3116.0
3610.0
3320.0
3308.0
3204.0
3150.0
5120.5
3219.0
4050.0
3365.0
3074.0
2867.0
3145.0
3386.0
3321.0
3075.5
3965.5
3305.0
7606.5
4194.5
4503.0
3461.5
2933.5
3130.0
3317.5
3944.0
3818.0
12268.5
3703.0
15127.5
4036.0
3363.5
4148.5
3005.5
3877.5
3793.5
7777.0
3301.5
3379.0
4694.5
4699.5
5578.0
3327.0
3823.5
4389.0
4366.5
3706.5
3553.0
3493.0
3249.5
3343.0
3465.0
3644.0
3956.0
3790.0
3272.0
3177.0
3322.5
3322.5
3330.0
4315.0
8193.0
3306.0
3313.5
3698.0
3528.5
5666.5
4261.0
5581.0
3969.0
4094.5
3851.0
3532.0
3790.0
3585.5
3501.0
3585.0
3509.0
4075.5
4935.0
3514.5
4712.5
5071.5
3684.5
3957.5
3766.0
16256.5
4900.5
3878.5
4476.5
4544.5
3979.5
3388.5
3399.5
3449.0
3521.0
3751.5
3614.0
3500.5
5114.0
3529.0
3924.5
5096.0
5177.0
4216.5
7818.0
6304.0
2705.5
7366.0
2836.0
3579.0
2901.0
3033.0
3532.5
2747.0
4697.5
2758.0
2880.5
2635.5
2689.0
2514.5
3938.5
2682.5
2465.5
3794.5
3053.5
3224.0
7212.5
4595.5
13100.0
3377.0
9389.5
17400.0
6459.0
7706.5
6811.5
4241.0
5137.5
3697.5
4144.0
4073.0
3854.0
3606.5
4580.0
3621.0
3456.0
3767.5
4886.5
8832.0
7805.0
3020.5
4589.5
3696.5
3922.5
7102.5
3805.0
3725.0
3909.5
4389.0
5445.0
3883.0
4220.0
4306.5
3757.0
3788.5
4274.5
4500.5
4300.0
3706.5
3854.0
17060.5
3524.0
4523.5
4007.5
3097.5
4265.0
3972.0
7047.0
4223.0
3980.0
3171.5
3371.5
5301.0
3509.5
4723.0
3425.5
3350.5
3590.0
5619.0
3832.0
5027.5
3657.5
3700.5
4023.5
3331.0
3764.0
3600.5
4318.0
3609.5
3907.5
3096.0
4942.5
3767.5
5591.5
3669.5
3247.0
3052.0
2854.5
3625.5
2836.5
3053.0
2948.0
2957.5
3166.0
2905.5
3522.5
4917.0
3708.5
4360.5
2991.0
3102.5
3161.5
3263.5
6790.0
3477.5
2794.0
3073.5
2630.5
2644.0
2941.5
3671.0
2755.5
4128.0
3844.5
3005.0
3062.5
2818.0
3107.5
2803.0
2855.5
3046.0
8843.5
5069.0
3863.0
3903.5
3005.0
2718.0
2579.0
3616.5
9214.0
3677.5
3159.5
2692.0
4681.5
3103.0
3054.5
3339.5
4240.5
2901.5
7988.0
3420.0
4331.5
4081.5
3327.5
3606.5
3321.0
2996.5
3132.0
3798.5
3282.0
4688.5
3560.0
3217.5
3705.0
3231.0
3554.0
3639.5
3628.0
4710.0
3493.5
3759.5
3316.5
7706.0
10101.0
8265.0
8004.0
8678.0
10040.5
9940.0
4200.5
4482.0
3419.5
3752.5
3421.0
3623.0
4713.5
3579.0
3018.0
2897.0
3244.5
3051.0
3364.5
4004.0
3031.0
2749.5
4683.0
2875.5
3103.0
3365.5
3090.0
3182.0
3101.5
2915.5
3139.5
4000.5
3755.0
3988.0
5433.0
4583.5
3997.5
3419.5
3461.0
4111.0
3339.0
3512.0
3308.5
4556.0
3160.0
15916.5
4973.5
3906.5
4562.0
3867.0
3800.0
3803.0
3573.0
4240.0
3601.5
3834.0
5166.5
6903.0
3319.0
3088.0
4964.5
2976.5
2956.0
2875.5
2715.5
2677.5
2651.5
3338.0
2775.5
2585.5
12797.5
2953.5
2875.0
2689.0
8599.0
6310.5
7170.0
3454.5
3789.5
3012.5
4058.5
3911.5
143490.5
4948.0
5265.0
3847.5
3797.0
3677.5
4611.0
5452.5
3913.0
3147.0
6741.5
4030.0
4041.5
5013.0
4445.0
4455.0
3812.0
3458.0
4306.0
5851.0
3866.0
3225.5
3656.5
3420.5
4950.5
3511.5
4892.5
3608.5
3896.5
4702.0
3245.0
4036.5
5276.0
3677.0
3919.5
4088.5
4299.5
3477.0
3881.5
5107.0
4636.5
3885.0
21095.0
4127.0
3614.5
3483.0
5174.0
4327.0
3413.0
4850.0
4370.5
3662.5
3863.0
5253.5
3071.5
3668.5
4456.5
3841.0
3352.0
4973.0
3224.5
4836.5
3474.0
3597.0
3643.5
4577.5
3305.0
4266.0
3552.0
4540.0
3418.5
3605.5
10438.5
11268.5
22314.5
56055.5
9998.5
10871.5
8039.5
4898.5
3699.0
4466.5
3717.0
3934.0
3519.0
3531.0
5047.5
5065.5
5332.5
3265.0
3434.5
3351.0
4130.0
4683.0
4273.0
4527.0
3620.5
13517.5
46503.5
4259.0
7013.5
3666.0
11634.0
3988.5
4410.0
3382.0
3490.5
4016.5
4557.5
6506.5
4305.5
3300.5
3599.5
3911.5
4056.5
3566.0
3522.5
4530.5
3370.5
3556.5
15302.0
3991.5
4963.5
3472.0
3496.0
3455.0
4851.0
3966.0
13202.5
3408.5
3793.0
3944.0
3369.5
3443.0
3761.0
3564.0
4537.0
11130.0
3544.5
3656.0
5118.0
4906.0
4985.0
3601.5
3624.0
3410.0
3409.5
3929.5
3284.0
3484.5
6430.5
6630.0
3308.0
3663.0
3453.5
3177.5
3210.5
3985.0
4743.5
3014.5
8585.5
3560.0
3576.5
3958.0
3851.5
3448.5
4370.5
3529.5
3164.5
3565.0
3526.5
3761.0
3149.5
3939.0
3300.0
3285.0
3706.0
4727.5
5001.5
5874.5
3458.5
3671.5
3460.5
3467.5
3573.0
4297.0
4108.0
3803.5
23742.0
4355.5
3904.0
4025.5
3972.5
3854.5
4203.5
4052.5
3931.0
3819.5
5098.0
5578.0
3966.0
3635.5
4436.0
3765.0
3914.5
3740.0
3824.5
3777.0
3796.5
3619.0
4697.5
4057.0
5213.0
3590.5
3915.0
3926.5
4042.0
3981.0
3592.5
3422.0
3411.0
3480.0
3542.0
4545.0
4473.0
4169.5
3433.5
7627.0
9146.5
8356.5
12692.0
8261.5
9298.0
7629.0
3868.5
3607.0
5051.0
3347.0
4309.0
3818.5
6841.0
3513.0
5040.0
3049.5
11914.0
3927.5
3726.5
3665.5
3556.0
3491.5
4137.0
3923.5
3201.0
4640.5
3422.0
3453.5
3942.5
3580.0
3636.0
9570.5
3655.5
3556.0
4655.5
3524.5
3760.0
5456.0
3441.0
9154.5
4006.5
3184.0
11401.0
3029.5
2953.0
4587.5
3192.0
3431.0
3560.0
3276.0
3740.5
3498.5
3180.0
3281.0
3336.5
3078.0
3733.0
3932.0
3630.5
3756.0
9021.5
4097.5
7075.5
3359.0
3953.5
7286.0
3990.5
3653.0
3450.0
4139.5
4018.0
4067.5
4930.0
4133.0
3965.0
4108.5
3659.5
3802.5
3630.0
4078.5
3301.0
3466.0
3693.0
3876.5
3553.0
4013.5
4772.0
3836.5
4484.5
4029.5
3298.5
3440.0
3573.5
4375.5
4038.0
3807.0
4340.0
4286.0
3422.5
3706.5
4085.5
16952.5
6360.5
5775.5
4627.5
3472.0
4133.0
5131.5
5159.5
3662.0
3617.5
3688.5
5162.0
4651.5
3768.5
3766.0
4984.5
3418.0
5219.5
3236.5
3465.5
3367.5
4639.5
4136.5
3462.0
3245.0
3493.0
4083.5
3433.5
7342.0
3485.0
5701.0
3328.5
3264.5
3186.5
4099.0
3488.0
3657.5
3320.0
4224.0
3159.5
3291.0
4104.5
4143.0
3387.0
3454.5
3138.5
3333.0
3157.5
3054.0
3040.5
13015.0
4261.0
3488.5
13510.0
3828.5
26975.5
7852.0
9841.5
10356.0
9185.0
8237.0
8191.5
4085.0
3689.5
4211.5
8273.5
3853.0
4092.5
3630.5
3773.5
3526.0
3658.0
3496.0
3680.0
3809.5
4593.5
4215.0
4141.0
3701.5
5503.5
3894.0
3283.5
4276.0
3430.5
3145.0
3400.0
3611.0
3746.5
5170.0
4549.0
5422.0
4840.5
3542.5
3383.0
3606.5
3991.5
3517.0
3582.0
3517.0
3722.0
3665.5
3712.5
4796.5
4612.0
3845.0
4585.5
3689.0
4325.0
7077.0
3609.5
4548.5
3978.0
3526.0
5102.0
3971.0
4082.0
3637.0
3298.5
3970.5
5580.5
3841.0
3405.5
3878.5
3460.5
4408.0
4149.0
4303.0
4051.0
3409.0
3926.0
3307.5
3274.0
3177.5
3691.5
11398.0
3505.5
13632.0
3756.5
3410.0
3565.5
3457.5
3462.5
3466.0
3391.5
3179.0
3430.5
3318.5
4112.5
3419.0
6107.0
3579.0
4111.5
3812.5
4116.0
3680.5
3972.0
4585.5
4142.0
5280.0
4032.5
4240.0
5306.5
3421.5
3737.0
4065.5
4647.5
3747.0
3913.5
4501.5
3781.5
3714.5
3722.5
4387.5
4955.0
4292.0
4628.5
3673.5
3837.0
4024.0
3947.0
3820.0
3616.0
3556.0
3282.0
3480.0
3941.0
4348.0
4933.0
3855.0
3189.5
3411.0
3495.0
3701.5
4965.5
3367.0
3537.0
3160.5
5269.0
5105.0
5982.5
3489.0
3514.5
3457.0
3723.0
3815.5
3186.0
4378.0
3526.0
3338.5
3269.5
3445.5
3324.5
8560.0
10018.5
7276.0
7794.0
10655.5
7179.5
9365.0
2956.5
3070.5
2955.0
2849.0
4115.0
3202.0
3218.5
3985.5
2916.0
3119.0
3359.0
3745.0
3126.0
3548.0
3723.0
3216.5
3286.5
2779.0
3073.0
2861.0
3362.5
4544.5
3738.5
3530.0
3515.0
3313.0
3457.5
3448.5
4429.0
5696.0
4087.5
3940.5
3294.0
3711.0
3382.5
3066.0
3010.5
3973.5
3055.0
3180.5
3296.5
2864.5
3645.5
3488.5
2879.0
4750.0
2964.0
3319.0
2810.5
3213.0
3450.0
2924.0
3051.0
3085.0
2988.5
3356.0
6262.5
4788.5
4229.5
3774.5
4356.0
3972.0
4383.0
6440.0
3650.5
10010.5
3918.0
3987.5
4277.5
6896.0
3721.5
4670.0
16333.0
3929.5
3500.0
3731.5
4478.5
4070.5
3859.0
4366.0
3533.0
3442.5
3192.0
3395.0
3956.5
3438.5
3771.0
3310.5
3540.0
3537.0
3958.0
4424.0
3524.5
4007.0
3504.5
3487.0
3751.5
3190.0
6256.5
3627.5
3368.0
3747.5
4439.5
3736.5
4301.0
3277.0
3527.0
3388.5
3581.0
3386.5
4099.5
3733.0
3435.0
3788.0
4484.0
3449.0
3447.0
4630.5
11133.0
13804.5
3992.0
11056.0
4503.5
4382.5
3477.5
4047.0
3633.5
4002.5
4119.0
3321.0
3576.5
3552.0
3440.0
3401.0
3643.0
3549.5
3369.0
4026.5
4321.5
5801.0
3657.0
3795.0
3728.0
5322.5
4366.0
3826.0
5483.0
4684.5
3750.0
15805.0
8206.0
12434.0
8574.0
8288.5
10620.5
8682.5
3489.5
3579.5
4484.5
3307.0
3410.5
13367.5
3799.5
3904.5
5923.5
3497.5
11738.0
3596.5
3569.5
3428.5
3696.5
5847.0
13519.0
4146.0
4178.0
15651.5
4977.5
4118.5
4709.5
6253.0
4709.0
3397.0
4397.0
4353.0
3791.0
3647.0
4039.0
3765.0
3895.0
3658.5
3476.5
3955.0
4323.0
6377.5
3819.0
5238.5
3457.0
3816.5
3754.5
4578.5
4092.5
3886.5
30806.5
3986.0
3340.5
4680.0
3929.5
3564.0
3285.5
3164.5
5499.0
3315.5
4220.0
3722.5
3207.5
3434.0
4247.0
3282.5
3567.0
3527.5
3942.5
3288.0
4370.0
3472.0
3820.0
2684.5
4048.5
4243.5
3072.5
3069.0
2984.5
3354.0
3185.5
2799.5
3591.0
3704.0
3282.0
3480.0
11843.0
3220.5
3422.0
3137.5
4375.5
2922.0
2911.0
16673.0
3058.5
9342.0
14104.5
3908.0
3141.0
2815.0
2995.5
3893.5
5814.5
2719.5
3605.0
3971.5
3726.0
4076.0
3590.5
3373.5
3159.0
3468.5
3071.5
3705.0
3336.5
2815.5
2929.0
2830.0
3852.0
3072.0
4074.5
3151.0
3315.0
3429.5
2827.0
2704.5
3517.0
3845.0
2903.0
2752.0
8244.5
3160.0
2923.0
2822.0
3191.5
3495.0
2884.0
4331.5
4072.0
3034.5
2911.5
3533.5
3641.5
3429.0
3392.5
3307.0
3305.0
3401.0
3159.0
3738.0
3581.5
2894.5
9462.5
7078.0
7490.5
8052.5
7504.0
9625.5
9727.0
7306.5
4252.5
5997.0
3579.5
3775.5
3526.0
3055.5
4349.5
4170.5
4010.5
3904.5
3943.0
3682.5
7548.5
3902.0
3507.0
3972.5
3569.5
3697.5
5489.5
4487.0
3983.0
4194.5
4946.0
7700.0
3619.5
4419.5
3960.5
11712.0
4250.5
2890.0
3297.5
4194.0
4159.0
14633.0
4329.0
4965.0
3874.0
3524.5
3918.0
4663.5
4445.5
3725.5
4920.0
4893.5
3738.5
3817.0
3568.0
4327.5
3411.0
14381.5
5066.5
3430.5
4167.5
5766.0
3088.5
12070.5
16030.0
3563.5
6994.0
3144.5
2923.5
4091.0
3306.0
3540.5
12876.0
3448.0
5248.5
3158.5
5666.0
4519.0
3113.5
3348.0
7529.0
3350.0
3190.0
3567.5
3036.5
3220.0
3378.0
5260.5
2861.5
3441.5
3515.0
3029.0
3197.0
2967.5
6729.0
3140.0
3693.0
3491.0
4075.5
4511.0
3786.5
4516.0
4562.0
5950.0
3623.0
3779.0
3752.5
3513.5
3721.5
4650.5
3919.5
4106.5
4234.5
4997.0
8157.0
3964.0
4230.0
4030.5
3981.0
4046.0
3910.0
4007.0
3772.5
4222.5
4912.0
4087.0
4297.0
4024.5
3935.0
3613.5
3828.0
4175.0
4202.0
4557.5
3764.0
5138.0
5145.5
3965.5
3031.0
3264.5
3510.0
3934.0
4041.5
2892.0
3251.5
3413.5
3149.5
3400.5
3595.0
3825.5
4748.5
4352.5
6144.5
8665.5
9316.5
9261.0
8272.0
8915.0
9788.5
5042.5
6042.5
3169.0
3047.0
3274.0
3270.5
3844.5
3105.0
4282.5
4419.5
3373.0
5316.5
4010.0
3613.0
4872.5
4060.5
3802.5
3839.5
3137.0
3251.0
13970.5
3909.0
4919.0
4146.0
4215.0
3805.0
5171.0
10048.0
3485.0
4343.0
3658.0
4543.5
4818.0
4523.0
4369.5
3592.5
3551.0
4000.0
4086.0
4045.0
3486.5
3288.0
3824.0
4217.5
3308.0
3687.0
3930.0
3363.0
4530.0
3915.0
3908.0
3504.0
4361.5
4168.0
3886.5
4791.0
4726.0
4880.5
3705.5
3309.5
3519.0
3604.0
3463.5
3579.5
4718.5
3732.5
3889.5
4693.5
6046.5
7174.0
4341.0
4710.0
5385.0
6870.0
4069.5
4541.5
5312.0
4780.5
12940.5
3917.0
5136.0
3773.5
4408.5
4771.5
4321.0
3963.5
4594.0
4074.0
5289.5
12030.5
3829.0
4196.0
4571.0
7971.5
4201.5
23278.5
3487.5
3505.0
3468.5
3521.5
3452.5
3615.5
3680.5
3778.5
5028.0
5086.0
4351.5
4041.0
3136.5
3484.0
3414.5
3846.5
3193.0
3509.0
4412.5
4483.0
3801.5
3840.0
4948.5
4254.5
4144.0
3875.0
3464.5
3502.0
3504.0
3451.0
3535.5
5121.5
3361.5
3443.5
3501.5
4241.0
4293.0
4046.5
3897.0
3455.5
3339.0
3681.5
11476.0
3497.5
3372.5
3404.0
10656.0
10125.0
9020.0
8335.5
8918.0
8783.5
9208.5
3394.5
4024.0
3865.0
14728.0
5230.0
3567.0
3611.5
4459.5
3869.0
4226.0
3685.5
3699.5
3470.0
3866.0
3904.0
3691.0
3746.5
3733.0
3587.0
3664.0
3796.5
6052.5
3628.0
4058.0
7278.0
4134.5
3884.0
5057.0
5543.0
4314.0
3723.5
5430.5
3807.0
4992.5
3330.5
3252.0
3484.5
3374.5
3528.5
3886.0
4581.0
3360.5
3179.5
4145.5
4091.5
5185.0
3955.0
3253.5
3670.5
3810.0
3269.0
3714.5
3531.5
3489.5
3451.5
4209.5
3498.0
3318.0
4877.5
4028.0
3715.0
5353.5
3577.0
4023.5
3529.5
3957.5
5118.0
3773.5
3393.0
3487.5
3646.0
4397.0
4754.5
5345.5
3402.5
3519.0
3863.0
3485.0
3634.5
4004.0
3669.0
3405.5
5516.0
3772.5
5714.0
3398.5
9014.5
3548.0
3341.0
4384.0
3767.5
3417.0
3390.0
3990.5
3639.0
3359.5
4798.0
4670.0
3353.5
6797.0
3687.5
4047.5
4161.5
3803.0
3516.0
3339.0
3266.0
3343.5
4489.5
4566.0
3993.0
3998.0
3486.5
3383.0
5023.5
4428.5
5319.5
3895.0
3961.0
3951.5
5400.0
4195.5
4131.5
3444.5
3623.5
3996.0
4746.0
5098.0
3925.0
3457.5
4154.0
13881.5
12829.5
3806.0
5447.5
3838.0
11895.5
3386.5
4285.0
4874.0
3433.0
4172.5
3548.5
4256.5
4014.5
8584.5
3376.5
3541.5
3471.0
19322.5
8018.5
9347.0
10777.0
7927.5
9526.5
9406.5
2940.5
3378.0
4238.0
2745.5
2914.5
2735.0
2881.5
2842.5
2809.0
2762.5
2967.0
3719.5
3733.0
3346.0
4229.0
13297.5
3280.0
3171.5
3474.0
3939.5
3985.0
3569.0
3399.5
4398.0
3206.5
3301.0
3446.5
3314.5
3673.0
3556.0
3589.5
2967.0
3114.0
3051.0
3443.0
3253.5
3274.5
3897.5
4259.0
3028.5
3024.0
3437.5
3399.5
4043.5
3637.5
3115.0
3182.0
3379.5
3576.5
3330.0
3769.5
4664.5
7208.0
3020.0
3102.0
3744.5
3399.5
2685.0
3249.5
2821.5
2991.0
3018.5
2975.5
4382.0
3107.0
3007.0
5243.0
4099.0
3335.0
3138.0
3551.5
3421.0
3231.0
3792.5
3066.0
3274.0
7979.5
3012.0
3021.5
3144.5
3496.0
4218.0
2948.5
5256.5
3573.5
3509.0
3614.0
3512.0
3337.5
3784.5
4239.5
3202.0
3594.0
3947.0
4962.0
3379.5
3443.0
3957.5
3429.0
3626.0
3867.0
4309.0
3940.0
3824.0
3349.5
3315.5
3192.5
3840.0
4107.0
4780.5
3689.0
3181.5
3615.0
3219.5
3273.5
4275.0
3376.5
3920.5
3676.5
3831.0
3540.0
4778.5
3329.0
4384.0
3357.5
3846.5
3213.5
3425.0
3473.0
7142.0
3492.5
3580.0
3381.0
3320.0
5057.5
3589.0
6644.5
3814.5
3176.0
3955.5
3633.5
11164.5
8773.0
9752.0
9622.0
17129.5
8245.5
9935.5
20158.0
2805.0
2716.5
2787.0
2707.0
2571.0
6887.5
2966.0
3539.5
3851.0
3696.5
3302.5
4188.0
3227.5
2824.5
3120.0
2980.5
2956.5
3624.0
4539.5
3143.0
5250.5
3646.0
4517.0
4948.0
3171.5
3788.5
2931.5
11958.5
3861.5
3032.0
3895.0
3814.5
3818.0
3104.0
13632.0
3320.0
5388.5
5876.0
3305.0
6366.5
3133.5
3395.0
2996.0
2721.0
3760.5
3702.5
3357.5
4293.0
3641.0
3563.5
3366.0
3120.5
3181.5
3635.5
4490.5
3302.5
3288.0
3447.0
3232.0
5206.5
3463.5
4153.5
3737.5
3476.0
3702.5
3856.5
3673.5
3496.5
2902.0
4919.5
3503.5
7749.5
6208.5
11424.5
3291.0
3546.0
3028.5
3163.0
3057.5
3217.0
3098.0
2860.5
2922.5
3829.5
3943.5
2985.5
7334.5
3937.5
3778.0
4310.5
3959.0
3542.0
3482.0
3317.5
3730.0
3540.5
4081.5
4157.0
3224.5
4673.0
3782.5
3608.5
3059.5
3370.5
3234.5
3143.0
3301.5
3534.5
3509.5
3453.5
4294.5
4434.0
3600.5
4391.5
3487.5
3683.0
3124.5
3613.5
3880.0
3044.5
3181.5
2695.5
2794.5
3052.5
2598.0
3259.5
4035.5
2546.5
3073.5
2792.0
2583.0
2743.5
3265.5
3033.5
2741.0
2948.0
2956.5
2939.5
2694.5
3090.5
2803.5
3136.0
3607.5
4103.5
3008.0
3214.5
3221.5
4080.5
8540.0
8532.5
8854.5
19983.0
9359.5
8144.0
9098.0
4041.0
3865.0
4365.5
4385.5
3890.0
4527.0
3521.0
3588.5
3690.0
4407.5
3292.5
3743.0
3381.5
4409.5
3270.0
3169.0
4889.0
3013.0
3400.5
3069.5
4659.0
5363.0
2980.5
2928.5
2878.5
2601.0
2916.0
4709.0
3556.0
3316.5
4755.5
3509.5
3863.0
3324.0
2983.0
3019.5
4102.5
3574.5
3190.5
3058.5
3072.5
3334.0
3254.5
3413.0
3147.5
5406.0
3724.0
3969.0
3645.5
4010.5
4106.5
4005.5
3754.0
3717.0
3358.0
3168.0
3571.5
3485.5
3909.5
3988.5
5651.5
3100.0
3179.5
3032.5
3199.5
4272.5
3215.5
3238.0
3338.0
3079.5
3381.0
3230.5
3858.5
4804.5
6391.5
2848.5
5198.5
4126.5
3956.0
3166.5
8706.0
3438.0
3024.5
3407.0
4346.5
8871.0
3389.0
3662.5
2926.5
2995.0
2849.5
2705.5
3232.5
2905.0
3235.0
3269.0
3157.5
2852.5
3476.5
3883.0
2981.5
3131.0
2717.5
2815.0
2793.0
2760.5
2838.5
2546.0
2833.5
2641.5
2512.5
2697.5
2780.0
2714.5
2868.0
2773.0
4349.0
3115.0
3181.5
2922.5
2970.0
4206.5
5152.0
3070.0
3384.5
3417.5
3369.5
3267.5
3485.5
3466.5
3415.0
3879.0
3605.0
3646.0
3141.5
3185.5
3737.0
3714.5
3652.5
5517.5
3024.5
3374.0
3083.5
3887.0
3971.0
3576.5
3607.0
3608.0
3174.0
7285.5
7673.5
10118.5
8780.5
9589.0
9093.0
17657.0
3618.0
3534.0
4125.5
3513.0
4094.0
4551.0
5354.0
3559.5
3433.0
3422.5
7402.5
4146.5
4419.0
3827.0
4362.5
3607.5
4632.0
3500.0
4154.5
3805.5
3739.0
4131.5
3907.5
4133.0
3874.5
5159.0
3755.5
3809.5
4159.0
4934.0
4068.5
3620.0
6426.0
3899.5
3486.0
3433.0
3542.0
4107.0
3460.5
3954.5
3956.5
4682.5
3861.5
5411.0
3365.0
3925.0
3865.5
4341.5
4880.5
3742.5
3530.0
3702.5
3935.5
3922.0
4532.0
3807.0
3612.0
3214.5
3011.0
3512.0
3211.0
3390.0
2933.0
2923.5
3211.5
2939.5
2960.5
3272.5
3966.0
3854.5
3072.0
4621.5
3057.5
3862.0
3065.5
3067.0
3437.0
3452.5
3535.5
3716.0
10210.5
15905.0
3372.5
4428.5
4557.5
4567.0
3625.0
3386.5
3782.5
3556.0
4302.5
5489.0
7106.0
3795.0
3532.0
3412.5
3944.5
3526.0
4055.5
3740.5
4145.0
3501.0
7160.0
4817.5
5159.0
3239.0
3175.5
3616.0
3307.5
3200.5
3406.5
3594.0
3766.5
3374.0
2998.5
3811.0
6264.0
3935.0
5505.5
4737.0
5212.5
3383.5
3019.5
3326.5
3377.0
3200.0
3402.0
2982.5
3065.0
4663.0
2999.0
5543.5
4184.5
3960.0
4919.0
3090.5
3314.5
3105.0
5637.5
4337.0
3483.0
3944.0
3725.0
3041.5
3398.0
3317.5
7523.0
7438.5
7464.0
8572.0
28172.0
7761.0
7457.0
3229.5
3123.5
3742.5
4333.5
3655.0
3431.5
3109.5
3249.0
4274.5
3744.0
3226.0
3352.5
2934.5
7907.0
6648.5
2700.0
3658.0
3515.5
2848.5
3208.0
2848.0
2825.0
2718.0
2724.0
2675.5
3015.0
2927.0
2910.0
3020.0
2911.5
3007.0
2783.5
2933.5
4040.0
3731.5
3055.0
2860.5
3045.0
2958.5
2764.0
3068.5
3120.0
3193.5
3345.0
3174.0
3048.0
3209.0
3514.0
3073.0
3288.5
11240.0
4531.5
12782.0
11260.0
3300.0
4469.5
6949.0
7063.5
5085.5
4262.0
3950.0
4647.5
3314.0
3089.5
3729.0
3316.5
3963.0
3430.0
5407.0
3827.5
5048.5
3861.5
3706.5
3901.5
4219.0
3408.5
7454.5
3807.5
6494.0
7009.5
4612.5
3855.5
3848.5
3399.0
3698.5
3457.5
3402.5
3565.5
3504.5
3546.5
3830.5
5416.5
4266.0
3640.0
4153.5
3561.5
3924.5
3903.5
3932.0
4040.5
4033.0
3434.5
3730.0
4000.5
11935.5
4887.0
4313.0
4769.5
3437.0
3255.0
3238.5
4013.0
3666.5
3428.0
3466.5
3915.5
4398.5
6455.5
3626.0
3899.0
4623.0
3918.5
5007.0
3438.0
3485.0
2797.0
3014.0
2940.5
3414.5
4848.0
3765.5
3727.5
3181.5
3986.5
3578.5
2843.0
5553.0
2627.5
2749.0
2638.0
2621.5
2648.0
2870.5
3497.5
3891.0
2645.5
8878.0
19419.5
6942.5
6961.5
9492.5
7744.5
7753.5
4014.0
3504.0
4514.0
3296.5
3131.5
3012.5
3865.0
3781.0
5590.5
4406.5
5567.0
6835.0
3999.5
4011.0
3396.0
3079.0
3750.5
3311.0
3131.0
3491.5
3905.0
6803.0
3780.0
3170.5
2847.0
3059.0
3149.5
3120.0
3192.5
3372.5
3199.5
3349.5
3014.0
3182.0
4938.5
3325.0
4040.5
3048.5
2995.0
3530.0
3790.5
3742.5
3403.0
3117.0
3535.0
3260.0
3002.0
2784.5
2818.5
3885.5
3509.5
6504.0
2936.5
3155.0
3319.0
2875.0
2670.5
2869.0
3039.5
3126.0
3528.5
3548.5
12931.0
5021.0
3655.5
6223.0
12918.0
4003.0
3418.5
3293.5
3184.5
17777.0
2833.5
2813.5
3134.0
3003.0
11222.0
2910.5
3556.0
3511.5
7450.0
3209.5
3591.5
3303.0
2956.5
2767.0
3714.5
2904.0
2822.0
2820.5
2875.5
2913.0
2943.0
3225.5
3041.0
4409.0
4078.5
3752.0
3058.0
2897.5
3278.5
3189.0
2792.5
2853.0
2808.5
3018.5
2810.0
3000.5
3909.5
3565.0
2723.0
3290.0
5503.0
2953.0
2874.5
2541.5
2786.0
2727.5
2741.0
2956.0
3185.5
3437.5
2834.5
2833.0
2746.5
2779.5
2871.5
2836.5
3433.5
4046.5
2921.5
2894.5
3156.0
2712.0
3819.0
2667.0
2794.5
3140.5
2788.5
3364.0
2663.0
7362.0
8824.5
9831.5
10834.0
12162.0
21580.5
9975.0
5910.0
4205.5
3775.5
5015.0
3163.0
3364.5
3058.5
2985.0
4611.5
5404.5
4873.0
4609.5
8822.0
2881.0
2883.0
3399.0
3028.5
2877.5
3312.0
4496.5
4508.0
4296.5
5459.0
3641.0
3290.0
3342.5
3397.0
3733.0
3257.5
3549.5
3306.0
3203.5
4823.0
4369.5
3841.0
3798.0
3764.5
4551.5
4112.0
3125.5
5334.0
3810.0
3686.5
3670.0
5419.5
3668.5
6101.0
3180.0
3109.5
2875.0
2931.5
3102.0
3706.5
3100.0
3328.5
3461.5
2784.5
3064.5
3224.0
3198.5
3203.5
4229.5
3596.5
2883.0
3049.0
2777.5
2979.0
2778.5
7776.5
11520.5
3354.0
3425.0
10359.0
2787.5
3956.5
2898.0
2901.0
4303.0
2997.5
3246.0
3935.5
7947.0
2703.0
3048.0
3061.0
3068.0
4080.5
6548.5
2949.0
2601.5
2918.0
3173.5
3004.0
3340.5
3347.5
2833.5
3155.0
2902.0
3060.0
3272.5
3626.5
3605.0
7210.5
3702.0
3224.5
3371.5
3150.5
3356.5
3262.5
3662.5
5470.5
3331.5
3603.5
4365.5
4419.5
4340.0
3842.0
3665.5
3999.5
3405.0
3328.0
3306.5
3303.5
3228.5
4405.0
3537.5
3406.0
3581.5
4088.0
3394.0
3342.0
3472.5
3974.0
4682.0
3341.5
3325.5
4208.0
3378.0
3661.0
4379.0
4524.0
4042.5
3102.0
3507.0
4009.0
5073.0
3352.5
3085.5
2946.5
4868.0
3245.5
9025.0
10522.0
11312.5
20037.5
8367.5
9304.5
11136.5
11866.0
4382.0
3659.5
3495.0
3902.5
3749.5
3966.5
13632.5
3331.5
3454.5
3671.0
2961.5
3074.5
3057.5
3022.0
3540.5
3423.5
4293.5
3358.0
5633.5
3203.5
3167.0
3385.5
3455.5
3065.0
3119.5
3135.0
3902.5
3100.0
3317.0
3558.0
3434.5
2734.0
3070.0
5472.5
2983.0
2740.0
3162.0
2640.5
2983.5
3070.0
3184.0
2915.5
3407.0
2965.0
3007.0
2992.5
2988.5
3298.0
2968.0
4445.5
3205.0
5095.0
4487.0
4098.0
3218.5
3316.5
4438.0
5996.0
3762.0
3237.0
5438.0
4286.0
4163.5
4462.5
3553.5
3965.0
3550.5
3177.0
3815.0
3123.5
3916.0
3908.5
3360.0
3625.5
6270.0
3483.5
7910.5
3488.0
3690.5
3348.5
4200.5
3939.0
3773.5
3311.0
3568.5
13026.0
6322.0
11631.5
3091.5
3105.5
4339.5
3497.5
3122.5
3331.5
2937.5
2910.0
13368.0
2742.0
3189.5
3074.5
2996.5
3426.0
3223.0
4258.0
3267.0
3253.5
2990.5
3115.0
3842.0
4232.0
3366.0
3072.0
3765.0
3050.0
3178.0
3536.0
3478.0
3315.0
2998.5
3351.5
2913.0
5162.0
3302.5
4760.0
4952.0
3389.5
2965.0
3949.0
3457.5
3037.0
5217.0
2991.0
4279.5
3413.5
3177.5
3182.5
4166.5
22510.0
10972.5
8061.0
22398.5
9469.5
7717.5
3761.0
11875.5
5542.0
4014.5
3655.5
2925.5
2721.5
2993.5
2716.5
2639.5
2660.0
2962.5
2756.5
2705.0
3060.0
3138.5
3075.5
2827.0
2865.0
3673.0
3686.5
3813.5
3838.0
3376.5
3293.0
2950.5
20892.5
65467.0
6032.5
3759.0
6060.0
5137.0
11140.0
4862.0
7372.0
20078.0
3388.0
3592.5
3608.0
3483.5
3625.0
4181.0
3403.5
3723.5
4660.0
4426.0
5398.0
3614.5
4210.0
4207.0
4338.0
3596.5
8670.5
4093.5
3670.5
3512.0
3725.5
3741.5
8830.5
4073.0
3426.0
4405.0
3680.5
3289.5
3341.0
3792.5
3867.5
3643.5
4949.0
3642.0
7556.5
4212.0
3516.0
3336.0
3834.0
3799.5
3389.5
3710.0
4060.0
3826.0
5005.0
3464.5
4526.0
5241.5
3788.5
3881.0
3389.5
3755.0
3587.0
3997.5
4263.0
4091.5
3211.5
5443.0
3175.0
4063.0
3417.0
3575.0
3410.0
3217.5
3467.5
3584.0
3342.5
3449.0
3293.0
3669.5
3712.0
4413.5
3962.5
4650.5
4556.5
3408.0
3896.0
3507.5
3727.0
3962.5
3941.5
4697.5
3976.5
4013.0
7928.5
4902.0
3670.0
15239.5
5031.0
3335.0
2870.0
2872.5
3320.5
4363.5
2867.0
3062.5
4529.5
3395.0
3693.5
3191.5
3145.0
3471.0
3430.5
3475.5
3065.0
3396.5
2952.0
2895.5
5518.0
3469.5
3729.5
3887.0
8091.5
7955.0
7920.0
8089.0
9491.5
12260.5
6347.5
3790.0
4043.0
3555.5
3804.0
3502.0
3754.0
5933.0
5494.0
5348.0
4555.5
4944.0
3310.0
3541.5
3622.5
3706.0
3798.5
3509.0
3794.0
4208.5
3854.0
5338.0
3567.0
3245.5
3584.0
8134.5
3046.0
2977.0
3505.5
3309.5
3248.0
11162.0
3837.5
3420.0
3540.5
3181.0
3291.0
2919.0
3406.0
3053.0
3167.5
3397.5
3374.5
3634.5
3140.0
3945.0
4081.0
3398.0
9458.5
3308.0
3102.0
3275.0
3095.5
4646.0
3822.0
3770.5
3618.0
5491.0
4616.5
6497.0
3354.5
3476.5
4768.0
3552.5
3271.5
3189.5
3413.0
2861.0
2997.5
3023.0
2887.0
4317.0
3834.0
3679.5
2884.0
2884.0
2907.5
3600.5
3925.5
3395.5
3529.0
3370.5
3444.5
3541.5
3472.0
3461.0
4637.5
3351.0
4849.0
7356.0
3485.5
3225.5
3389.0
3218.5
3952.5
3814.5
4990.5
3522.5
4357.0
4307.0
5529.0
4280.0
3443.5
3482.0
3354.0
3538.0
7729.0
3322.0
3179.0
3511.5
2746.0
5219.5
3550.0
3981.5
3433.5
3468.5
3040.0
3304.5
2979.0
3032.0
2883.5
3759.5
3568.0
3599.0
13707.0
4941.5
3980.5
4501.5
3269.0
3580.0
3258.5
3286.5
3711.5
4292.0
4180.5
3937.0
5099.5
4220.5
3620.5
4581.5
3995.0
3377.5
3620.5
3307.0
3630.0
8907.0
8084.0
13135.0
8783.5
8509.0
18524.0
4826.0
4345.5
4245.0
6272.5
4274.0
4755.5
4040.5
4794.5
5144.0
3679.5
3493.5
4214.5
4400.5
5824.0
6727.0
3964.0
3289.5
3593.5
3325.5
3646.0
4091.0
3069.0
3301.0
3082.5
4240.5
3479.5
4936.0
3206.0
3027.0
2865.0
2865.0
2741.5
2706.5
2936.0
3513.5
2919.5
2900.0
2774.5
3516.0
3882.5
3926.0
3082.5
3185.0
3610.5
3286.5
3438.0
2965.5
3214.5
3064.0
3002.5
6851.0
3619.0
3490.5
4390.0
6743.5
4825.0
4214.0
5465.0
3268.5
3096.0
4553.5
3569.0
3908.5
13000.5
4442.5
5612.5
4121.5
3324.0
3249.5
3276.5
4045.5
3603.5
3974.5
3593.0
3002.5
2908.0
3066.5
5522.5
2987.5
3062.0
4007.5
3865.5
3673.0
3764.5
3963.5
3614.0
4166.0
3831.5
3420.5
4473.0
4950.0
4996.0
6218.0
3587.5
11879.0
13601.0
3864.0
5552.0
5598.5
4338.0
4381.0
4033.5
3914.0
3970.5
3439.5
3748.0
3673.0
3653.5
3715.0
3466.5
5288.0
3567.0
4120.5
3288.0
4530.0
15587.5
3707.5
3587.0
3624.5
3667.5
5008.0
3397.0
4883.5
3578.5
3427.0
3575.0
4375.5
3925.5
4139.0
3599.0
3379.5
3415.5
3685.0
3566.0
4359.5
4739.0
3607.5
4063.0
7621.5
3720.0
3490.5
4039.5
4070.0
3435.5
4020.5
9535.5
9497.5
10469.0
11361.0
7330.5
11261.5
10490.5
3778.0
3599.5
3385.5
3404.0
3816.5
3759.5
10965.5
3385.5
4552.5
5461.0
3960.0
4820.5
4666.5
3561.0
3910.5
4011.5
4001.0
4050.0
4642.0
3480.5
4560.0
5515.5
4508.5
4301.0
4043.0
3530.0
3565.5
3304.0
4254.0
3851.5
3579.5
5174.0
4853.0
9050.0
4401.0
3943.5
4175.0
5149.5
4528.0
3865.0
4009.5
3631.5
4230.5
4576.5
4062.5
3351.5
4191.5
4256.0
4067.5
4488.5
4471.5
3935.0
4872.0
3539.0
4467.0
5369.0
6051.0
3719.5
4427.5
4570.0
4250.5
3393.0
4251.0
3843.0
3653.0
3779.5
4660.5
6143.5
6302.5
4151.5
4682.0
4108.0
5208.5
3633.0
3916.0
3296.5
6825.5
5317.5
3500.5
3718.0
3838.5
3712.5
4084.0
4022.5
6066.5
3787.0
5252.5
3935.0
8382.0
3527.0
5768.0
8490.5
6106.5
3294.5
3034.5
2829.5
2881.0
22371.0
4046.0
3325.5
3061.0
3204.0
11791.0
4446.0
3436.0
15142.0
13520.0
3681.0
3891.5
6777.0
4344.0
3894.5
4030.0
6175.0
3510.5
4923.5
3293.5
3854.0
3801.5
3723.5
3687.5
3474.5
3668.5
3771.0
4199.5
3795.0
3906.0
4924.0
4751.0
4516.5
4144.5
3847.5
4134.5
4067.0
3724.5
3518.0
4414.5
3499.0
5315.5
4404.0
4716.0
3451.5
3608.0
4736.0
3631.0
3429.5
3994.5
4396.0
3632.5
3490.0
9058.0
12006.0
9412.0
8093.5
7876.0
8387.5
9430.5
4310.5
4005.0
4488.5
5329.0
3787.5
3928.0
6744.0
3620.0
4515.0
3504.0
3885.5
3522.5
3392.5
3651.5
3671.0
4113.5
4406.5
4488.0
3641.5
3608.5
3413.0
3465.0
3338.5
3531.0
4906.5
4161.5
3696.0
3664.0
3902.0
3538.5
3695.5
3975.5
3372.0
3924.0
3548.5
4377.5
4265.5
4505.0
3652.5
3832.0
3835.5
3248.5
3013.5
5147.0
2682.0
2792.5
2912.5
2960.0
3721.5
3088.5
3100.0
4712.5
3782.0
3921.5
3039.5
2847.5
3175.0
3378.0
3093.5
3499.0
3719.0
3265.5
3379.5
3828.0
3165.5
3727.5
3855.0
4949.5
4513.5
11188.0
3659.0
3941.5
3894.0
4102.0
5388.5
3892.0
5375.5
3702.5
3364.0
5604.5
3711.5
14791.0
3567.0
3488.0
3962.0
3392.5
4713.0
3544.5
4419.0
3319.0
3647.5
3991.5
3393.0
3444.0
4005.0
3457.5
3892.5
3480.0
3696.5
3903.0
6011.0
5493.5
3425.0
4186.5
4426.5
4249.5
6918.0
3750.5
4129.5
3638.5
4454.0
4008.0
3425.5
3687.5
3217.5
3361.0
4562.5
3792.5
3860.0
3720.0
4086.5
3751.0
3301.0
3407.5
6052.0
3413.5
3945.0
4830.0
3315.5
3357.5
3290.5
3358.0
3804.5
3476.5
3489.5
3541.5
3425.0
3370.0
4381.5
3293.0
4142.5
4529.5
3381.0
3709.5
3612.5
3951.5
3480.0
3459.5
3466.5
3521.5
10819.0
8143.0
8048.5
8641.5
10635.5
8019.5
10275.5
9169.0
3396.0
3340.0
3808.0
3962.0
4606.0
3148.0
2808.5
2656.0
2735.5
7006.5
13858.5
3515.0
9095.0
6871.0
4135.0
4283.5
5572.0
3657.5
13567.0
4849.0
4366.0
4247.5
3571.0
3668.5
3593.0
3955.0
4003.0
4390.0
3623.5
5346.5
15139.0
2948.5
3613.5
3183.0
3174.0
10557.5
4325.5
4516.5
3787.5
3934.5
5812.0
3825.0
3618.0
3380.5
4027.0
3621.0
3440.0
4317.5
3616.5
5007.0
3950.0
3608.0
21409.5
12493.5
13756.5
6071.5
4072.5
4083.5
3504.0
3800.0
3406.0
3669.5
3448.5
3813.5
3666.0
4308.5
4396.5
3798.5
5083.5
3784.5
5220.0
5473.5
5019.5
6189.0
3815.5
3542.5
3679.0
6042.0
4016.0
4420.5
4332.5
4036.0
3978.5
8216.5
3516.5
3367.0
3464.0
3648.0
6994.0
9255.0
5237.0
4537.0
12646.0
3134.0
3377.5
3552.0
3178.0
6047.5
3299.5
3923.5
3119.0
3910.0
3420.0
2998.5
2687.0
2719.0
2585.5
2948.0
2724.5
2710.0
3081.0
2642.5
3356.5
4138.0
3373.0
3008.0
2950.0
3527.0
3056.0
2899.5
2944.5
3074.0
2955.5
2929.5
2970.0
3241.0
9187.0
7109.5
8386.0
4490.5
3676.0
4242.0
3614.0
3664.5
11434.5
3472.5
10242.0
9763.5
8474.0
7698.0
10591.5
8202.5
6568.0
3800.0
3244.5
3541.5
3529.5
11000.5
12820.0
3857.0
5939.5
3804.0
6119.0
4252.5
4028.0
3844.0
4130.0
4027.0
4381.5
3554.0
3512.5
3361.0
6810.0
3530.5
4597.5
3361.5
3504.0
3823.0
3947.5
3470.0
4100.5
3835.0
3130.0
4674.5
4063.5
4130.0
5156.5
4519.5
3317.5
3567.5
4309.0
3993.0
3679.0
3397.5
3597.0
3435.5
3545.0
7652.0
3774.5
6996.0
4564.0
14095.0
4018.5
3713.0
3431.0
4679.5
3867.0
4494.5
3347.0
5173.5
4501.0
3457.0
3324.0
3035.5
3609.0
3139.5
3120.0
6164.5
3168.5
3353.5
4042.0
3444.5
3341.0
5196.5
2987.0
2699.0
5898.5
2765.0
2899.5
2606.0
2643.0
3155.5
3156.0
3463.0
3882.5
4807.5
3216.0
3441.0
3501.5
3777.0
3393.0
3151.5
3333.0
9343.5
4017.5
3908.5
4114.0
4172.5
4140.5
3667.0
3384.5
4058.0
3597.0
3716.0
3645.5
4124.5
3409.0
3429.0
3547.0
3369.5
4067.5
4489.0
5677.5
3624.0
3619.0
4130.0
4040.5
3792.0
3496.5
4109.5
4033.0
4918.5
4719.5
5054.5
3649.5
3789.5
3997.0
4353.5
4760.0
3716.0
3362.0
3638.0
4242.0
3793.5
3607.5
5326.0
4224.0
10198.5
4463.0
3719.0
3771.5
3673.5
3797.0
3997.5
3634.5
3423.5
4134.0
4111.5
5936.5
4067.5
3642.0
8004.0
7880.0
8577.5
10780.5
15973.5
8228.5
7488.5
3029.5
3545.0
3733.5
3221.5
3660.5
4526.0
3309.0
4603.5
3295.0
3203.0
3286.0
2797.0
2866.5
3514.5
3785.5
4538.0
3106.0
3265.5
3811.0
4002.5
9283.0
3295.0
3781.0
3280.5
3113.0
3154.5
3117.0
2533.0
2645.0
2824.5
2915.0
3070.0
2871.0
4369.0
2819.0
2853.5
3323.0
2711.5
3798.5
3272.5
2814.5
2873.0
3047.0
2591.5
2717.5
2913.5
2756.0
3028.5
14134.5
5441.5
2886.5
2848.5
3816.5
3394.0
7672.5
3184.5
3241.0
3088.5
3229.0
3005.0
4297.5
3638.0
4300.5
3485.5
3925.5
3451.0
3985.0
3476.0
3958.5
4101.0
4126.0
4347.5
5546.5
4679.0
3469.0
4962.5
3411.5
3542.5
3530.5
3627.5
4098.5
3789.0
3736.0
3753.0
4016.0
4448.0
4923.5
4482.0
5125.0
3936.5
3800.0
3450.5
4010.5
4436.5
3588.5
4270.5
4011.0
3606.0
4946.0
3607.0
3491.0
3467.5
3823.5
3522.0
4089.0
4125.0
3724.0
3620.5
4429.5
5151.5
7220.0
4059.5
8068.0
4387.5
7204.5
4145.0
9664.0
4102.0
4364.0
5392.0
3774.5
3750.5
3919.0
4524.5
3590.0
7354.5
9546.5
4075.5
4912.0
4992.0
4181.0
7459.5
3754.0
3754.5
3866.0
3728.0
4499.0
3819.5
4653.0
3612.0
3669.0
4251.0
3231.0
3287.5
9663.5
7891.0
8447.0
13903.0
14658.5
12397.5
7997.5
5650.0
3543.0
3511.0
3472.0
4743.0
4677.5
7306.5
3462.5
4139.0
3882.5
5387.0
3964.5
3917.5
4016.5
3744.0
15077.0
3510.5
3676.5
12731.0
14511.5
3746.0
5514.5
11801.0
4229.5
15025.0
4076.5
3971.0
4599.0
4666.0
4401.5
5446.0
3741.0
4279.0
4061.5
3742.0
3598.0
4047.0
3513.0
4473.5
3780.5
4599.5
5221.5
5233.5
4568.0
4118.5
4545.0
4796.5
3844.0
3512.0
4558.0
4107.5
3409.5
4090.0
4395.0
3472.5
4412.5
3413.0
3919.0
9412.5
9449.0
3622.5
3335.0
3317.5
5814.5
7195.5
4109.5
4448.5
3923.5
3533.0
3384.0
8579.5
9846.5
7721.0
4466.0
4919.5
4446.0
4122.5
4345.0
3749.0
3579.0
3077.5
3071.5
2923.0
11793.0
4650.0
3793.0
3000.0
3048.0
2761.0
2808.5
3582.0
2725.0
2584.0
2721.5
2767.0
2752.5
2666.0
3282.5
3379.0
6723.5
11877.5
9996.0
22880.5
6235.5
5076.5
4562.0
3492.0
3547.0
2884.5
2929.5
2955.0
3220.5
2920.0
3028.5
3616.5
3739.5
5212.5
3123.5
4354.0
3064.0
3238.5
3510.0
3923.0
4313.5
3366.5
3464.0
3554.0
4520.5
3924.5
4217.0
6767.5
5582.5
3478.0
3991.0
3796.0
2795.5
2793.5
3279.5
3027.0
3186.0
4552.5
3026.0
3553.0
5201.5
2979.5
3516.5
7648.5
8382.0
8021.0
8116.5
10288.0
9850.5
9024.5
4360.0
3739.0
5395.0
4020.5
23172.5
9157.5
4001.5
7165.0
4240.5
5914.0
4104.0
3931.5
13413.0
3894.0
4114.0
3841.0
5158.5
4461.0
5461.5
3750.0
3880.0
4149.0
4963.5
6285.0
4387.0
4635.5
3207.0
3660.5
3990.0
3888.5
3351.5
3327.0
3592.5
2922.0
3604.5
4015.0
2576.0
3487.5
2749.0
3088.0
2707.5
2574.5
11768.0
2783.0
2716.0
2723.0
3510.5
2996.0
4835.5
3242.0
5806.0
8355.5
5888.0
3797.5
4775.5
6824.0
3431.0
3471.5
4037.5
5588.0
7518.5
4930.0
2816.5
3124.5
2687.0
2832.5
2924.5
7027.5
3811.0
10582.0
2826.5
2886.5
3833.5
3702.5
3050.0
3314.0
2801.0
2666.0
2841.0
8138.0
3101.0
3596.5
4302.0
4448.0
3639.5
3793.5
3138.5
3206.0
3707.5
4272.0
4068.0
3322.5
5246.5
3287.5
14968.5
4547.0
3353.5
3353.5
3727.0
3913.0
3557.0
3819.0
4343.5
6049.5
3590.5
4912.0
3797.0
3583.5
3510.5
3797.5
3347.5
4196.5
3330.0
3786.0
3549.0
3876.0
3569.0
3991.5
4033.5
5683.5
4007.0
12974.0
4281.5
4315.0
4623.5
3961.0
3983.5
6932.5
4099.0
4358.0
4846.0
3872.5
3709.5
4246.0
3663.0
3807.0
3774.5
3922.0
3930.5
3910.0
3888.5
5073.5
4612.5
3478.5
3330.0
3645.5
14235.0
3167.0
2925.5
2867.5
2982.0
7400.5
11691.0
7858.0
7428.5
7498.5
7778.5
8077.5
3605.0
3471.0
3330.0
4768.0
3594.5
22539.0
5270.5
7330.5
3648.5
4447.0
3563.0
3992.0
3775.5
4397.0
4052.5
3886.5
3816.0
3659.0
3531.5
3453.5
4623.0
3754.5
5765.5
11232.0
3471.0
5380.5
5537.5
3613.5
3233.0
3594.0
3917.5
4631.5
5678.5
3615.0
3337.0
3854.5
3480.5
3781.0
4122.5
3437.0
3482.5
4015.0
4416.5
3462.0
4531.0
13607.0
7285.0
3589.0
3573.0
3455.0
3605.0
3283.5
3454.0
4457.5
4613.0
8455.0
4572.5
4154.5
3699.5
3586.5
3750.5
3825.0
4315.5
3946.5
3597.5
5256.5
3711.0
3963.5
5249.0
4022.0
4182.5
4368.0
4350.0
4075.0
4076.0
4799.5
5456.5
4630.5
4644.5
3642.0
3857.0
4150.0
4695.5
13710.0
3272.5
8407.5
4276.0
4972.0
3227.5
2848.0
2932.0
5268.0
3130.5
7225.0
3067.5
4001.5
3162.5
3260.5
3676.5
4270.5
2936.0
3971.0
3200.5
3265.5
3240.0
2935.0
3233.0
3446.0
3300.0
3916.0
3515.0
3937.0
3723.0
8600.5
24762.5
3871.5
2965.5
4124.0
14541.0
3370.5
4058.0
3408.0
3711.5
3843.5
3386.0
3195.0
3530.5
3454.0
3330.5
2948.5
2834.5
3402.0
4095.0
3167.5
3259.5
3190.0
3469.0
3245.0
3439.5
7857.0
7419.0
7675.5
7146.5
9658.5
9029.0
4428.0
4497.0
3426.0
3161.5
3277.0
2878.5
4134.5
6285.5
5446.5
3739.5
3653.0
3433.0
3718.5
3673.0
3579.0
3210.0
11562.5
4251.5
6555.5
4865.5
4780.5
6577.0
3654.0
4815.5
3349.5
3558.5
3341.0
4149.0
3730.5
4229.0
5604.0
5492.5
4877.0
5977.0
6549.5
4471.5
3474.5
3533.5
3235.5
2996.5
3139.5
4581.5
3418.0
5069.0
3947.5
3704.5
3207.0
3226.0
3297.5
3009.0
7582.5
2983.0
3705.0
2712.0
4520.5
3458.5
6454.0
3462.5
3254.0
2733.0
2704.0
2845.5
2544.5
2897.5
6967.5
3880.5
2566.0
2684.5
4613.0
2753.0
3774.5
3314.0
3668.0
3112.0
3188.0
3218.0
3074.0
2964.5
3114.5
2947.5
3267.0
3440.0
3286.5
4470.5
4734.0
5465.5
3088.5
3654.5
2956.5
3157.5
3265.0
20778.0
15575.0
3649.5
3921.0
3457.5
3279.5
3684.5
3433.5
3439.0
3948.0
3886.0
3774.0
5861.5
4030.5
3484.0
3426.0
3610.5
5259.5
3567.5
4285.0
4172.0
3450.5
3579.0
3717.5
4499.0
4111.0
3544.5
4274.5
3730.0
3639.0
13590.5
6636.5
3914.5
3847.5
4249.0
4743.5
6211.5
3907.5
4297.0
3409.5
3455.5
3311.0
7832.0
7859.5
9220.5
10251.0
8638.0
7482.0
5311.0
2743.0
3548.0
3074.5
3093.5
4586.0
5030.5
4759.0
3244.5
3315.5
3490.5
3613.5
3480.5
3431.5
3584.0
3478.5
3386.0
3391.0
3215.5
5027.0
4430.5
5050.0
3932.0
3296.0
4123.5
4536.5
3369.0
3133.0
3380.5
2956.5
2919.0
4693.0
5432.0
3105.5
5464.0
2834.0
6052.0
2773.5
2622.0
2625.0
2785.0
2932.0
2800.0
3118.0
2879.5
2723.5
2875.5
3628.0
6089.0
2995.0
3417.0
3483.0
3056.5
3998.0
2985.0
2899.5
3011.0
3499.5
6330.0
3904.0
4278.5
4067.5
3536.5
6711.5
3501.5
4962.0
3611.0
3765.0
3825.5
4042.0
4427.0
3624.5
3956.5
4859.0
3793.0
3756.0
3337.0
3768.0
3479.0
3902.0
3959.0
11731.5
3946.5
3903.0
5030.5
3966.5
4534.5
4053.0
3376.0
3574.5
4010.5
3359.0
3634.0
3375.5
3585.0
3350.0
4142.0
3853.0
4695.0
4488.5
3372.5
3343.5
3320.5
3613.5
3476.5
3504.5
3393.0
3758.5
5964.5
4107.5
4095.5
4580.0
3374.0
4974.5
3482.0
3539.0
3353.5
3323.0
3859.0
7490.5
4140.5
4023.5
4950.5
4998.0
5570.0
3744.5
3283.5
3594.5
3366.0
3575.5
3292.0
3550.0
3487.5
4650.0
14021.5
3901.5
5294.0
3740.5
7583.5
8720.0
7799.0
9656.5
11036.0
7937.0
7671.0
3001.5
6252.5
4315.0
3262.0
2652.5
3349.5
3557.0
2928.0
2755.5
2923.5
2982.0
2889.0
3228.0
2885.5
3426.0
3148.0
2916.5
3195.0
3729.5
3717.0
3725.5
5470.5
3378.5
5302.0
3658.0
3653.0
3881.5
8383.0
4233.5
3855.5
3649.5
3784.0
4690.5
4770.0
3255.0
3989.5
4181.5
3382.0
4480.0
4564.0
3400.5
4803.0
3550.0
3417.0
3654.0
3423.0
4583.0
5663.0
4853.0
4010.0
3503.0
3848.5
3302.0
3393.5
3827.0
3600.5
4505.0
4802.0
3909.0
3384.0
4463.5
3734.5
4701.5
12178.5
7676.0
5918.5
3630.5
4621.5
5082.0
3786.0
4318.0
7561.5
3363.5
3257.5
3694.0
3599.5
3189.5
3687.0
14577.0
4551.0
20142.0
25825.5
18083.0
4017.5
4093.0
3705.0
3426.5
3953.0
3898.5
5196.0
3561.0
5345.0
4489.5
3515.5
3411.5
3473.0
4012.0
3800.0
3552.5
4203.0
3592.5
4383.0
5520.5
3836.0
3377.0
3638.5
3233.5
3378.5
4991.5
3954.5
3867.0
3166.0
3917.0
3473.0
3210.0
3706.5
3719.0
3179.0
2809.5
2945.0
2784.5
3127.0
16572.0
2815.0
3052.0
3413.5
2931.0
3524.5
14474.5
3608.0
3165.0
3059.5
3149.5
2983.5
3357.5
3263.0
3391.0
2997.5
3079.5
3590.0
3724.0
3268.0
4296.0
3368.5
2892.0
2988.0
2719.5
3641.5
2827.5
2798.0
7018.5
7272.0
9855.0
10198.0
7512.0
8160.5
7873.5
3455.5
2980.0
2980.5
3438.5
4325.0
3902.0
3036.5
2767.0
3536.5
3305.5
3203.0
2934.5
2729.5
2983.5
2908.0
2687.0
3190.5
2551.0
8489.0
3960.5
3843.0
3557.5
3165.5
4640.0
3153.5
2968.0
5432.5
2628.5
3201.5
6788.0
2994.5
10900.0
5216.0
3715.5
4839.0
2819.0
2593.5
3884.5
3201.0
2856.5
2914.5
3750.0
2739.5
3671.5
4315.0
3665.5
10302.5
3581.0
2898.0
2947.5
3336.5
3647.0
3025.0
3550.5
2960.5
3065.5
3718.0
6787.5
3153.0
5233.5
2925.5
3274.5
2680.5
2831.0
2914.5
2967.0
2759.5
2845.0
2783.5
2935.0
3332.5
3704.5
3890.0
3255.5
3430.0
3311.5
2949.0
3145.0
3031.0
4003.0
4239.5
2825.5
2917.0
2653.0
2896.0
2868.0
2694.5
2538.5
4429.0
3933.5
3503.5
3039.0
3643.0
4210.5
2901.0
2799.0
6192.0
2651.0
3203.5
2953.0
12909.0
3002.5
3159.0
2615.0
2716.5
3280.0
2959.5
6504.5
4594.5
4360.0
3222.5
4118.5
2703.5
5567.5
2854.5
2936.0
2897.5
2784.0
2716.5
2798.0
2958.0
3054.0
4434.5
3480.5
4990.5
21585.5
4656.0
3044.0
3961.0
8624.0
4466.5
3891.5
3069.0
3059.5
3828.5
3822.0
4052.0
3082.5
3430.0
3312.5
3333.5
3662.5
3171.5
3267.5
3411.5
2920.5
3527.5
3315.5
2909.5
3059.0
4070.5
3974.0
6679.0
4185.0
3242.5
4008.0
3598.5
4347.5
3932.0
4016.0
4539.5
3785.0
4724.0
3930.0
3716.0
3272.5
3707.0
3362.0
5604.5
3414.0
3409.0
3439.5
3825.0
3498.5
3978.0
14132.5
7803.0
8551.0
9751.0
7670.0
7499.5
4496.0
3477.5
5304.0
3137.5
3326.5
3270.5
3387.5
2873.0
2908.0
3080.5
2950.5
3627.5
3679.5
3726.0
4747.0
3959.5
6020.0
3218.5
2964.0
2872.5
3348.5
3485.5
3549.0
2859.0
8368.5
2809.0
3224.5
5551.5
3937.5
3847.5
3301.0
4119.0
2932.5
2979.0
2998.0
2971.0
2854.0
2663.5
3268.0
5502.0
3511.5
3625.5
4151.5
2621.5
4395.5
12020.0
2966.0
3123.5
2921.5
3769.0
12312.0
4198.5
4495.0
5574.0
3359.5
3187.5
3438.5
3400.5
3622.5
3340.0
3758.0
4321.5
3525.5
3941.0
4499.5
4515.0
6606.5
11864.0
12724.5
4081.5
4234.0
3734.0
3793.0
4890.0
5305.0
3658.0
3681.0
3567.0
4037.0
4319.0
3505.5
3858.0
3405.5
3374.5
4049.0
4653.0
12929.0
17857.5
5618.5
3636.5
3157.0
4069.5
5150.0
5481.0
2728.5
3372.0
3326.5
3195.0
3291.0
3040.5
3222.5
3424.0
3486.5
3210.0
2885.5
3586.0
3765.0
4271.0
5942.5
4967.5
15426.0
3655.5
4928.5
5116.5
5850.5
3745.5
3242.0
4333.0
3770.5
3125.0
7829.5
4195.5
4159.5
3362.0
3779.5
3454.5
2964.5
3167.0
3984.5
2804.0
4570.0
3118.0
2925.0
11969.0
2995.0
2996.0
2771.0
3370.0
2997.0
3444.5
4434.5
4157.5
3421.5
9594.5
7769.0
10205.5
8009.5
9794.0
8300.0
7885.0
3488.5
3454.5
3697.0
3706.0
3492.5
3717.0
3664.0
3796.5
3772.0
4496.5
8809.0
3811.0
4476.5
4040.0
3985.0
3933.0
4244.5
3545.0
3921.0
3487.0
4757.0
3713.0
4658.5
3846.0
3400.5
3984.0
3393.0
5245.0
4003.0
5239.0
4268.5
4353.0
5564.5
3637.5
4917.0
4270.5
4322.5
3752.0
4168.0
3506.5
3519.5
4010.0
4301.0
4030.0
5869.5
4034.0
5414.5
3818.0
4153.0
3682.0
4028.0
3522.0
3673.5
4007.0
3757.5
4629.0
3542.0
4524.5
3771.0
4584.5
3381.5
3282.0
3606.5
3482.0
3283.0
3275.0
3275.5
3604.5
3370.0
3567.0
4140.5
4225.0
3549.5
3562.5
3220.0
3298.5
3120.5
3351.0
3499.5
4280.5
4243.5
3335.5
3391.0
13996.0
46857.5
65186.5
65658.0
65386.5
3653.5
5849.0
4231.0
4132.5
3962.0
48279.0
3431.0
3476.0
7568.0
12311.5
54368.5
66861.0
10573.5
3565.5
3163.5
3985.5
47568.5
44314.0
3776.5
4354.0
3781.0
4230.5
3794.5
3824.0
5202.5
4608.0
10649.5
3660.0
3667.0
13978.0
4297.0
3910.5
4025.0
4374.5
5709.0
5264.0
4135.0
4372.5
4201.0
3938.0
3329.5
4067.5
3439.5
3579.5
3586.0
4014.0
3750.0
4588.5
5929.0
4149.5
4199.5
3691.0
3693.5
3412.0
4055.5
3887.0
3575.0
4381.5
5788.5
4286.5
3431.5
4383.5
4221.5
4856.5
4330.0
4701.0
3673.0
6704.5
4450.0
3708.0
4716.0
3743.5
6045.0
3844.5
4576.5
4993.5
5933.5
3975.0
4208.0
3848.0
3959.0
10360.0
5533.5
4933.0
13022.5
3835.5
3594.5
3914.5
3880.0
4585.5
3505.0
3443.0
3993.0
5328.5
3707.0
3506.0
3598.0
4307.5
3533.5
3972.5
4484.0
3340.5
4144.5
3683.0
3860.0
6746.0
5644.0
3307.5
3188.5
4804.0
3061.0
2758.5
3165.0
2746.5
2799.5
11595.5
2957.0
2943.0
3587.0
3419.5
3107.0
3674.0
3489.0
3303.5
3495.0
3852.0
3570.0
3597.5
4873.5
4531.5
3402.0
5201.5
3480.0
3757.5
3293.0
2979.0
3111.5
4290.0
3626.0
4044.5
6540.0
4189.0
3564.0
4157.0
3056.5
3659.5
3397.5
3474.0
3239.5
3212.0
3452.5
3121.5
3570.5
3745.5
3478.5
4537.5
4031.5
2909.5
3477.5
3665.0
8783.0
7975.5
7826.0
9176.0
10087.0
10443.5
7953.5
3740.0
4757.5
4141.5
4257.5
14541.5
4708.0
4059.0
3524.0
3900.0
3973.5
3820.5
5652.0
3885.5
4014.5
3321.5
3651.0
3564.0
4469.5
5286.5
4057.5
3532.0
3485.5
3481.0
4418.5
3553.5
4475.5
3390.5
3552.5
4942.0
4480.0
7662.0
3890.0
3898.5
3471.0
3449.0
3579.0
4138.5
5379.5
3712.5
3527.0
19366.0
7741.5
5596.5
3682.0
3792.0
4076.5
4017.5
4138.0
5048.5
3714.5
3590.0
3909.5
3253.5
3018.0
2987.5
3737.5
4453.5
3714.5
7026.5
2915.5
3691.5
4932.5
4004.5
5802.0
3014.0
4649.0
3707.5
3643.0
4061.0
3586.0
4267.0
5127.5
3637.0
5766.5
3482.0
3201.0
3461.5
2993.0
2930.0
3012.5
2914.5
2949.5
2914.0
8157.5
3444.5
2982.5
3026.5
13433.5
2986.0
6957.0
3120.5
5436.0
3393.5
3587.5
3280.0
3090.5
3070.5
4393.0
3815.5
3321.5
3763.5
3240.5
4214.5
3210.5
3438.0
3802.0
6154.0
3312.5
3305.0
3194.5
3108.5
3550.5
3545.5
3287.0
3066.5
3115.0
3318.0
3368.5
3548.5
4842.0
3954.5
4195.0
3492.5
3418.0
3501.0
3970.5
3802.5
3342.5
3152.5
3229.0
8240.0
3738.5
3318.0
4030.5
6096.0
4152.5
3727.0
4347.5
3928.0
3997.0
6187.5
5637.5
3559.0
3720.0
5958.0
4240.5
3587.0
10061.0
6258.0
3352.0
8978.5
19052.5
10882.0
9604.0
9668.0
10199.0
8842.5
3880.5
3848.5
3627.5
4109.0
3920.5
3992.0
3568.0
4011.5
3814.0
9274.0
3411.0
3979.0
3397.5
3708.5
3520.0
3260.5
4208.0
2843.0
5120.5
2666.5
2960.0
2840.0
3396.5
2667.5
2942.5
2614.0
3303.0
2980.0
3025.0
2771.0
2814.5
2805.0
4760.5
2887.5
2852.5
3142.5
3289.5
7202.0
2884.5
2840.5
2995.5
2940.5
2985.0
2772.0
2871.0
2959.5
2938.0
4037.0
4129.0
3000.0
5104.0
3012.0
3035.5
3152.0
3016.5
2998.0
2994.0
3060.5
5371.5
2975.0
2869.0
3285.5
16688.5
4215.0
3621.0
3498.5
5253.5
13696.5
3619.5
3587.0
5218.0
8041.0
3796.0
4668.0
3920.5
4382.0
4506.0
3741.0
3620.0
4097.5
8113.5
3415.5
3946.5
3613.0
3590.5
3778.5
5918.0
4219.5
5727.5
3746.5
4126.0
3607.5
5106.0
3823.5
3622.5
4701.5
3790.5
3465.5
3525.5
3824.0
3998.0
4199.5
3629.5
3747.0
3326.0
5491.5
3340.5
4188.5
3667.0
3945.0
3530.0
4466.0
3909.0
4173.0
4372.0
4453.5
4910.0
5161.0
3894.0
3640.5
3454.0
4212.0
3722.5
3779.5
21442.0
7852.5
7700.0
3004.0
2956.5
11402.0
3731.5
2864.0
3409.5
3556.5
2781.0
21450.0
3133.0
12764.5
5665.5
2715.0
2565.5
2611.0
3099.5
6663.0
4245.0
8256.5
7613.0
10304.0
7639.0
7567.0
10341.5
8874.5
8198.5
3822.0
3848.0
4124.0
3424.5
3540.0
3470.5
4427.5
4620.0
3476.5
3864.5
3388.5
3785.0
3883.5
4009.5
4958.5
4010.0
3312.0
3735.5
3437.5
4558.5
4618.0
3840.5
3468.0
3340.5
3519.0
3315.0
4568.5
3548.0
3357.0
3639.0
3505.0
3535.0
3986.5
4595.0
4069.0
4906.0
3795.5
4245.0
4302.0
3780.0
3646.5
3913.0
4452.0
4888.0
3650.0
3373.5
4783.5
3383.0
3908.0
4050.5
3616.5
5643.5
3914.5
9519.5
3656.5
3525.0
3948.5
5053.5
3333.0
3575.0
3405.0
3592.5
3559.0
3414.0
3600.5
3462.0
3766.0
3623.0
3328.5
3775.0
11390.0
5988.5
4420.0
3599.0
4469.0
4050.0
4057.5
4364.0
2972.5
3220.5
3313.5
3880.5
3708.5
3148.5
4192.5
2957.0
3343.0
3490.5
3962.0
3164.5
10891.0
7468.0
3617.0
4047.5
3946.5
3474.0
3503.0
3469.5
4086.5
3925.0
3683.5
4815.5
4310.0
3566.5
3576.0
8562.5
3282.5
3654.5
3261.5
3742.0
3492.5
3420.5
4500.5
4516.5
3297.5
3499.5
3496.0
3449.5
3802.0
3713.5
3825.0
3761.5
4160.0
16847.5
4664.5
3736.0
4121.0
4582.5
5880.5
6288.5
4328.0
4086.0
3610.0
9571.5
8565.5
8220.0
10366.0
9193.0
7992.5
7991.5
3576.0
3382.5
3545.5
3462.0
3901.5
4790.0
4248.5
4089.5
3930.5
3471.0
12014.0
3393.0
3649.0
4080.0
3863.5
4516.5
4905.0
5601.0
3682.5
3591.0
3955.5
4366.5
3668.0
3362.5
3570.0
3490.5
3673.5
3765.5
3422.0
4651.5
3630.5
3783.5
3631.5
4002.0
4814.0
3321.0
3361.0
3903.5
3718.5
4037.5
3493.0
5080.5
4322.0
6142.5
3367.5
4888.5
3210.0
3114.0
3042.5
3606.0
3367.0
3592.5
3977.5
4156.5
4131.5
4827.0
8506.5
3221.5
3105.0
3197.0
3515.0
4425.5
3520.0
3111.0
3756.5
4269.5
4190.5
3882.5
3258.5
3799.0
3434.5
3577.5
4276.5
3910.5
3396.5
3300.0
16899.5
5811.0
3960.0
3491.5
3774.0
3430.0
4801.0
3472.0
4257.0
4318.5
3291.0
3500.0
2999.5
3134.5
3378.5
3895.5
4063.0
3597.5
3645.5
3491.0
3426.5
3630.5
3343.5
3753.0
3885.0
3410.5
3910.5
5025.0
4469.0
3618.5
5817.0
3303.5
3808.0
5164.0
4516.0
3336.5
3548.0
4066.0
3444.0
8010.5
4863.5
4715.5
4177.5
4181.0
4112.0
4545.0
3710.5
3452.0
3377.0
3393.0
3631.5
17012.5
3641.0
4592.5
3829.5
4159.0
3425.5
3841.0
3563.0
4167.0
3727.5
4884.5
6206.0
4189.0
3595.5
4328.0
4086.0
11893.0
3787.5
3803.5
4152.0
10204.0
11325.5
8128.0
9844.5
32856.5
10023.5
8738.0
3755.0
3643.5
3961.0
4917.0
5271.0
3541.5
3772.0
6618.0
3607.5
3523.5
3576.5
11045.0
4653.5
5186.0
5413.5
6754.0
4004.0
4047.5
11060.5
3708.5
4208.5
4049.0
4222.0
5171.0
4223.0
13677.5
8114.5
6129.0
9375.5
3290.0
3063.0
4364.5
3521.5
3200.5
3781.0
3497.5
3056.5
3086.0
3196.0
2862.5
2989.5
3328.0
5799.5
3887.5
3757.5
6028.5
3548.0
5529.5
3398.5
3810.5
3957.0
4289.0
4471.5
3883.0
4284.5
4095.0
3685.0
3566.0
5153.5
3377.5
12015.0
6693.5
4708.0
6657.0
16915.0
7658.5
4313.0
3411.0
3377.0
3464.5
3277.5
3757.5
3119.0
5356.0
3796.5
7797.5
5837.0
5126.0
3394.5
3355.5
3524.0
3406.5
3482.0
4308.5
3183.5
3666.5
3726.5
8597.5
3451.5
4782.5
3545.5
17566.0
3789.0
5531.0
3751.0
3886.0
11938.5
3579.0
3945.0
3869.5
3789.0
3839.5
4009.5
3888.5
4363.5
3597.0
3520.0
5189.5
3820.0
4444.5
3557.5
7832.5
3532.0
3412.0
3379.5
3721.5
3715.0
3205.5
3852.5
3780.5
4226.0
4014.0
5736.5
4861.5
3763.0
3204.0
3942.5
4930.5
3398.5
3134.0
3580.5
3412.5
4585.5
3427.5
5755.0
3637.5
3455.5
3262.5
3329.0
4250.0
3164.0
7622.5
8657.0
9648.5
8485.5
9889.0
8483.5
7979.5
3905.0
4252.5
3868.5
3582.5
3659.0
3264.5
3294.0
3250.5
3304.5
3512.0
3650.5
5957.5
3129.5
3814.0
3272.5
4832.0
4402.5
8758.5
3866.0
3974.5
3601.5
3430.0
3631.0
3575.5
4511.0
3265.0
4596.5
5128.0
3354.5
5227.5
3765.5
4088.0
3730.5
4172.0
5554.5
3655.0
3458.5
3594.0
3661.5
3857.5
4644.0
3724.0
3345.0
3635.0
3461.0
3512.5
3515.5
3751.0
4323.0
4022.0
3641.5
3442.5
4315.5
4970.5
3543.0
10165.0
3799.5
3867.5
3790.0
3914.0
11244.0
3789.0
3665.5
5088.0
6098.0
4066.5
3203.0
3578.5
3840.0
3253.0
3622.5
3188.5
3469.0
3685.5
4206.5
3986.5
3789.0
3231.5
4815.0
3643.0
3349.5
3204.0
3360.0
3297.5
3448.5
3366.0
3528.5
3754.0
3555.0
14507.0
3528.5
4445.5
4674.0
3720.0
3540.0
3472.0
3504.0
3593.5
3615.0
4804.0
6054.0
3492.0
5448.5
4356.0
3457.0
4472.5
3376.5
3306.0
3225.5
3274.5
3125.5
3756.5
6005.5
3773.5
3139.0
3466.0
4434.0
4061.5
3281.0
3692.5
3328.5
3680.5
3248.0
3162.0
3242.0
4530.0
3998.0
3712.5
3502.0
4117.5
2963.0
3512.0
3354.0
3943.5
2967.0
3142.5
4166.5
3284.0
3478.5
3659.5
3382.5
4583.0
3337.0
4500.5
3458.0
3519.5
3426.0
3650.0
3391.0
3590.5
7959.5
8001.5
10164.5
10859.5
7932.0
8216.5
8187.5
4335.5
3543.5
5495.5
4189.5
4851.0
3823.0
3610.5
3391.5
3747.5
4241.0
8051.0
3368.0
3575.5
5126.0
4372.5
3862.5
4200.5
3596.0
4061.5
4135.0
3113.5
3099.5
3296.5
4596.0
3009.0
3472.0
3073.0
3356.0
3924.5
2682.0
2879.0
2737.5
2896.5
2691.5
3337.5
4633.5
3226.5
3013.5
3447.5
3994.5
3561.0
3014.0
3957.0
3541.0
3209.5
4255.5
3336.5
3101.0
3872.5
3710.5
3373.0
9615.0
5998.0
3584.0
4616.0
5248.5
4611.0
3362.5
6140.5
3559.0
11679.5
3973.0
3759.0
5244.0
5055.0
3784.0
4731.5
3195.5
3138.5
9411.0
7327.0
3532.0
4030.0
5606.5
12344.0
5300.0
4358.0
14834.5
4593.0
4285.0
12647.5
3867.5
3969.5
7735.0
3686.5
3519.0
3868.5
3836.0
3922.0
4187.5
5175.5
3882.0
3534.0
3828.5
4299.0
3916.0
4023.0
3430.0
3982.0
3981.5
3501.0
4108.0
3815.5
3589.0
3566.0
5666.0
3328.5
4375.0
3710.0
3460.5
4116.0
3748.5
3497.0
3853.5
12028.0
5731.0
4653.5
5656.5
5322.0
4254.5
3469.5
3706.5
3442.5
3821.0
4035.5
4341.5
8415.0
5592.0
7510.5
10643.0
6284.0
3404.5
3636.0
5253.5
2675.5
4875.0
3980.0
3127.0
6367.0
3514.5
2861.5
4536.0
2890.0
3654.0
3049.5
3117.0
7440.0
9201.0
11832.0
8701.5
16867.0
8008.0
9223.5
6501.0
3576.0
3560.5
3941.5
4614.0
4549.5
4319.0
3908.5
3563.0
3736.0
4098.0
4964.5
5261.5
4133.0
3686.5
3796.5
4053.5
4923.5
3870.0
4629.5
4068.5
3730.0
3498.5
4665.0
6184.0
3485.0
3526.0
3330.5
3251.0
3283.5
3510.0
4041.0
3438.0
3519.5
3425.0
3258.5
6521.5
4029.5
3699.0
3795.0
3068.0
3440.0
4001.5
3203.5
3503.5
3724.5
3461.0
3592.5
3917.5
4867.0
3252.5
5494.5
3572.0
4525.5
3773.5
3452.0
3376.0
3432.0
3573.0
3266.5
4381.0
16995.0
3442.0
4799.0
3875.5
5386.0
3682.0
4082.0
5146.5
5180.5
3897.5
7572.0
3928.5
4124.0
3901.0
3449.0
3736.0
5297.0
3813.0
3425.5
4316.0
3636.5
4803.5
3831.5
3369.5
3189.0
3825.5
3189.5
3517.5
4292.5
2935.5
3066.5
2734.5
3227.0
2729.0
3085.0
3261.0
2949.5
4563.5
4593.5
3286.0
3092.0
3692.0
3672.5
11257.0
5505.0
3080.0
3232.5
3903.0
4347.5
4138.0
5169.5
8467.0
4025.0
4737.5
3825.0
4110.0
