7754
7932
8029
11075
6562
7097
7095
7069
8239
7817
7032
7917
6822
7900
6575
21351
6986
8236
8030
22610
15004
9848
9036
11842
17447
35713
21209
22666
16440
17286
15717
9756
7186
7595
7086
8455
8429
7827
7223
7228
7529
8175
7439
7179
12648
5999
8616
8127
7868
7952
7433
8921
13232
7651
7189
7655
10041
6935
11080
7818
6960
7221
8170
6826
7505
7997
8862
10669
9814
6911
8874
6997
8358
7364
6306
7296
7405
7360
7884
14260
6633
11318
6761
10165
27925
7648
8172
8377
7708
7055
6979
9342
8222
11134
7400
6770
7115
6978
7510
7735
7779
7030
7882
7485
10259
10659
8213
8696
7688
9876
8225
39344
9720
8204
10263
6971
30313
7940
9044
7619
8624
7609
10145
10663
21274
13306
8243
6703
5603
6439
5507
8549
11253
6093
7361
6228
5903
5578
5708
6267
5548
6267
5769
5797
6554
7082
7096
7495
7491
6440
6555
6903
8268
7362
7302
40137
6525
7898
9398
9481
8330
10106
7464
8286
8767
7774
6898
7530
8012
21178
20474
16491
16695
17810
18181
17714
7774
7338
7301
8529
8413
10375
9588
8202
8197
8763
10604
15443
14489
13285
7805
12764
12873
8939
14051
9458
8902
7365
8950
12352
24570
7800
6315
8702
11362
7056
7127
6696
6474
7443
11853
6992
6686
6497
6536
6652
7331
9206
7490
7364
6842
6514
7210
7084
6785
6512
6432
11681
6957
7053
6235
10022
7858
10729
6248
6636
8283
5995
6097
8165
5649
5359
5359
5887
5624
7012
7420
6206
6784
5978
6325
7160
18694
6033
6109
6549
7325
32600
11833
8082
7645
7431
21458
22838
10560
8912
6862
6712
7597
8236
8035
7325
6821
7149
7647
6859
6910
6654
6872
8735
10189
8449
9810
7041
6838
7151
8927
8275
8236
7114
7074
9451
7391
7536
8486
7868
7879
7523
7293
9135
9029
7109
7338
8598
10970
11011
7080
6869
7478
11964
8092
7822
7883
11550
8049
11583
7178
11568
7490
8392
6701
6890
7950
8754
17798
17415
23245
16916
17305
19223
22457
11340
9975
9694
8468
7372
7058
7102
7684
9004
7654
6694
9108
7537
6970
21256
9683
5563
5349
5757
6504
5969
6028
6189
6146
8449
9775
6689
11944
6082
5862
10163
6896
6863
17728
7998
29330
8734
21723
10775
7041
7476
6574
6991
26727
7997
7012
6154
8745
7186
6423
7049
6506
7698
6410
6593
7128
8567
9130
6961
8185
8272
29117
6554
10106
7082
6889
7958
7856
7207
7112
8658
7327
6463
7201
6715
7060
7074
6619
6781
6652
9742
7338
6912
7559
8180
6992
6999
6986
7840
23570
7561
8442
10544
8766
7664
8324
8356
7294
7399
7483
25918
26023
13954
8019
9926
7750
7814
8504
8281
7410
7273
7633
10807
8044
7554
7285
6805
7350
7079
9161
7453
7260
7300
6875
7780
7939
8055
8364
6014
7150
5816
12173
5678
8154
5782
5399
6347
5243
5908
6532
9065
5400
15730
5941
6025
5661
6612
14792
17504
16424
34432
15902
7128
6917
7452
7440
6884
8890
6465
11904
6761
8801
7625
7109
6767
10101
6639
6781
7627
7157
6850
8178
6762
8591
6949
7235
6254
6688
6240
6545
7083
7364
10062
7153
7189
7269
11298
6241
8723
6691
6797
9053
6993
7110
7466
10747
8846
7564
7761
10309
14791
6828
5602
6013
6994
5960
5491
8672
7141
7184
7301
33163
8234
7366
9214
6393
7477
7347
7373
7417
6082
24198
11290
47440
20547
6981
44832
43458
26271
8082
7711
5755
5418
5332
5150
6677
5798
5593
5614
8320
5392
5890
6175
6197
9407
22032
8815
9085
7888
5575
7043
10068
18024
8799
11650
13815
8037
9594
6283
5739
6987
6023
8070
8404
9724
5622
11108
7989
10234
7017
7026
8037
7648
20323
7439
7448
7414
11825
8918
6108
6751
6334
6993
5800
5998
6386
7205
6793
8168
7424
7756
10366
7791
8902
8199
9248
8150
7596
18153
16264
20341
21447
16932
15949
19756
8265
6726
9250
11022
8229
8533
6658
6563
7843
7809
6872
6331
6770
6297
6789
8629
13314
6805
7214
7024
6471
7834
7308
6362
7092
8067
6792
7957
9909
8044
11415
7608
6323
27356
6182
6070
12347
6266
5867
8189
5745
7272
8417
5369
5612
6203
5517
5271
5969
5926
5945
6653
6216
9519
8877
11277
8623
6238
6683
6176
8335
7482
10084
5581
5681
5696
6233
6699
8950
8530
7490
6501
6339
6654
6675
8588
6848
8083
7226
8235
6095
5835
7078
7220
7126
6507
5921
6504
6953
6231
6605
6572
8873
6414
6448
7193
6226
8757
8703
7977
6407
8260
8664
8419
7274
8641
8230
8639
6979
7485
8110
8050
10999
7594
7054
6658
6387
6788
6641
7289
5943
12345
6373
5488
8522
6299
13634
6074
5440
6036
5797
5889
6100
6306
6278
6427
6560
7894
9365
9017
6501
8179
7087
8468
5975
7409
7968
12177
7208
7575
7663
17228
21166
15871
16730
15105
16599
19713
8900
6980
6257
6307
6802
6345
5970
5200
5687
5193
5565
6647
5373
6310
7581
6206
6291
6267
6245
6514
7380
6607
26201
7913
8624
6516
7331
5228
5256
11315
12884
7462
7810
8112
8444
5605
7727
27852
67053
7152
7628
8296
9462
7213
9004
6777
7355
7057
6682
6758
6763
6600
9995
6322
7163
7029
12828
10791
8682
10230
6892
7289
6198
5585
5695
6697
7178
7089
7232
7774
6074
8882
6197
8109
6700
6861
6566
7147
7350
6496
7533
8453
8342
8399
5869
6194
5988
6478
6214
5883
6209
6043
6213
13752
8273
7560
6118
8553
11580
6654
8841
7447
8556
7243
6266
6810
8378
6628
6952
6436
8959
6322
9792
7571
7430
7014
6599
5865
6418
14604
7285
7440
7284
10281
7056
6670
5595
6478
5272
5722
5645
7065
5325
5243
5688
5444
6845
6453
5299
6129
7711
6096
12630
13525
14773
18310
39817
309975
12429
10226
31454
8855
13353
9001
10803
8892
9855
9444
8721
6918
8640
6433
8394
8757
7270
7411
9331
8294
7771
7721
8935
11210
6524
12386
8058
12638
6953
6625
10467
7618
8536
6839
6614
7155
6645
6705
6639
7595
10143
6598
7229
9033
8018
7114
6363
5933
6010
6365
6204
17972
7629
8011
6190
5836
7825
9042
8448
6984
6660
6555
7119
9685
6474
8773
6618
6889
6943
6790
10367
13069
6539
15198
358665
8368
13275
9867
6773
7280
7485
6981
7761
8564
7434
7080
11296
8524
7606
7607
10190
13696
7763
6770
6845
6443
7120
6711
7903
8600
13181
7173
11028
6820
6070
6667
8237
6087
6706
6981
7467
8156
29585
9605
8352
8226
10526
7294
6198
6845
6296
6732
9857
8283
9650
8277
7314
7279
7421
9129
9615
7767
6445
7337
8382
7367
21160
17013
15281
14095
14379
14988
20370
12049
7085
6682
8580
7577
7145
9836
6259
7488
7281
6305
7348
10216
8681
6492
7567
8229
6872
6011
6859
6572
6170
6965
6231
7537
8403
8321
7212
8699
9609
38592
6543
8143
6537
5695
8143
6630
10652
6935
7262
8770
6535
6821
16476
8187
8475
7785
7764
6355
12970
7227
8568
6246
7016
6733
8344
8643
7418
6793
8729
7599
6456
8502
7547
8889
6528
6785
7677
6890
7115
7178
6000
6787
9537
8412
6139
7250
9954
24507
6635
7441
7098
8233
7948
8156
8572
6686
23470
22763
8508
53965
8103
9869
7574
8674
7119
7033
9254
5928
6011
6158
6921
7965
11241
7126
5877
28341
7332
9616
6627
6623
6587
10909
14029
6992
6120
7461
8454
6409
7232
6301
6926
6381
6035
7825
9299
7760
6521
7102
5798
7847
5698
7355
7319
8029
5572
5819
14461
18323
18585
14971
19767
5927
6302
8495
8751
7054
9718
9816
6591
6233
11317
6058
7260
6970
5947
6105
5758
6088
6387
6614
8639
6507
6653
5653
6302
5955
8649
6576
5978
5900
6098
8736
8008
6840
6618
9680
6827
9957
17387
6338
7269
5602
7301
11387
8681
8149
12308
8703
18736
8008
12085
10166
6832
6157
5507
5805
5242
5547
9601
24872
6310
6410
7116
5702
5607
6117
7423
7208
5808
7013
8053
7850
6247
7985
7092
5952
6618
6787
5819
5513
7092
6353
5776
6050
5959
6236
9518
6149
14970
6811
6603
26665
10467
10133
5787
5567
8855
6465
10388
5591
6292
6711
6588
5640
6039
5439
5806
5649
6479
28219
5861
29159
22681
60579
89787
9776
9815
9809
10280
7053
6625
7294
6542
7010
7156
7095
10227
6578
8411
7947
7951
7189
6227
5924
6415
15818
14652
18745
18507
14574
16639
15915
7096
7153
7553
11553
6733
7181
5812
6011
5826
6080
5838
6124
6513
8452
6114
6827
6814
6481
10679
7170
9474
6826
6466
7375
10503
6012
6804
6599
6442
6667
6643
5743
10355
7090
7999
6957
9417
7001
5930
6611
19533
6352
5448
5527
7133
7444
5784
6496
6450
5725
5657
5919
8535
5288
5645
5361
7245
6976
5907
8041
6334
7409
6600
24589
7120
18484
6709
9487
12238
6633
26406
5640
5205
5466
5761
5639
7167
7354
7283
7165
6771
6478
6043
9087
6821
8917
7379
6054
6052
7112
6752
7187
7208
16242
6798
9731
9583
25488
8287
7641
7083
7355
7867
6126
6792
6273
6045
9480
7425
9050
6807
48249
8013
29308
10686
7990
6766
6307
6690
6538
8027
6851
7167
6706
7152
6700
9978
7412
8112
7417
8274
6681
7518
6093
6770
9560
6302
6649
5832
6034
8161
6097
6582
8371
6874
11763
9780
6452
16326
14384
22643
21940
15684
17865
14974
5928
6013
7428
7363
5630
12609
6387
6003
6793
6425
6381
5942
16448
6166
6288
5934
9200
7735
7580
6766
7408
7169
6274
6172
6861
7495
6227
6754
6766
7109
8852
24609
7816
22770
7048
7552
6336
8875
7075
6061
9631
5474
6238
6401
6306
24228
7078
7646
8088
7612
8735
16054
9079
13259
11647
12631
7486
6159
5928
8665
25667
8896
6837
7053
7650
6728
6838
6600
6343
7193
26702
12869
7743
7147
6680
24484
6812
6422
6618
6626
6536
27751
10032
7930
7028
6909
7586
10744
7721
8408
11837
33151
7483
6608
6847
6933
6083
5867
6104
5575
5622
5713
5432
6293
7213
8022
5724
8204
5241
5460
6149
5299
5469
5321
5091
5380
5815
6069
5947
8802
6031
9183
5667
6492
6449
5885
5205
5395
7495
5211
5116
5597
5662
5522
5860
5551
6176
5547
16340
15301
5782
6697
6319
5639
5838
6100
7065
15096
16362
21790
17392
18459
21143
14691
18908
6452
8055
6677
6326
6139
7570
6587
6270
6617
5908
5972
6488
5905
12155
7611
12483
7282
6694
7315
6347
6702
18262
7162
7918
6834
10095
7134
9947
6455
7364
7546
7745
6423
8435
6310
7938
6356
5932
8253
8663
7765
7740
7171
7472
8642
7557
6659
7098
7230
6730
6692
7072
7545
8992
10544
6750
9590
6903
6490
6627
6460
7626
6487
8638
7091
6056
9397
6294
7960
7351
6897
6808
6217
5349
5650
5229
5306
6036
5268
5427
5551
5579
8644
10109
9261
6110
6269
6472
7392
6473
7562
7137
8370
6653
6879
9160
7094
6909
11380
6900
47377
6647
7389
8818
9449
6289
6813
6332
6377
6015
6903
7147
6950
6493
6583
6258
6791
7693
8023
8432
6695
7693
7471
6910
8035
7045
7025
6915
6649
6826
7255
8501
6920
8602
8469
7265
7056
14039
8016
25555
6863
5957
8346
16091
18816
15730
20877
15382
22632
21997
6487
6567
9076
7993
9004
5896
5971
9113
9732
8542
11633
9435
7572
6635
7632
6586
6936
7249
6705
7284
6930
9342
9896
7828
19228
8396
8156
9775
7581
8032
7147
6505
8534
10110
8501
14840
6223
8262
6162
6083
6242
5515
6169
6153
6241
5922
6047
7571
6871
7251
6712
6662
11103
7372
6657
6346
7421
7034
6461
27368
24464
8052
10100
9924
14587
8296
8494
8790
9650
7893
6989
7848
8990
7443
7672
8260
7864
7181
7066
8353
8952
10481
13042
7109
7333
7479
8511
7646
6463
7173
6359
6751
28252
7649
7180
7230
11618
9158
7229
6800
6969
6715
6871
7443
11003
6454
7259
6987
7364
7598
7919
7034
6785
6266
6907
7261
7210
7321
10422
5724
5426
6564
15137
7276
9370
9844
6384
6439
7163
6732
9367
8488
6505
7525
8996
6786
7537
6899
6052
6098
6428
5986
6169
8339
6004
8560
5861
6043
18711
19365
14859
15647
17173
16144
18327
6050
5834
7132
6385
6975
6154
7602
6780
6261
8663
7252
6005
5824
6138
6475
6159
6964
6601
8012
18322
9665
9199
7757
9495
10864
7614
7838
8778
6517
8089
7001
7451
7208
8624
7546
9339
8814
10146
6877
7939
8017
7521
6796
7166
10091
7154
7538
8398
8107
6696
7157
6933
11104
7073
6841
6774
7173
7383
7189
8739
7859
9069
21725
6830
6815
23275
6617
7557
8262
12321
10676
7825
10793
6103
5764
5824
5953
6048
5764
6014
6396
8924
6105
7701
7942
10406
8787
7356
6777
28397
7429
10702
7505
19879
8458
9873
8274
7516
7652
9877
11233
7765
7741
6885
6855
10500
6962
7324
106077
150538
6471
7108
7695
91675
132739
14788
7678
7761
7928
6923
170207
88307
136159
10969
8757
7869
8920
8331
319785
11250
8718
8168
8685
10748
8615
7161
8970
7215
7172
7293
7154
10414
7393
17465
18570
17600
16094
16577
18505
17904
7863
7643
7290
9108
12244
26005
23116
7420
7794
7218
7623
7092
6989
8607
8239
8190
8621
7083
8417
7975
7249
8505
7081
7631
9081
14649
7520
7430
9393
7320
7779
6778
8553
8154
8866
7980
12226
7790
15774
17274
7718
10021
8242
7704
18790
13513
6336
6078
9977
7750
22758
7196
7584
7143
6010
5844
9892
5865
6164
6685
6579
6237
6674
8847
6258
6026
6909
6170
7631
6727
6348
7889
7277
8710
6348
6719
8811
10073
12578
6651
7367
8556
6990
7957
7572
9363
10622
8832
8301
10672
9925
8486
7855
31165
7661
7581
7433
10835
10538
10045
7264
8225
8555
7239
6829
9498
7453
7034
6835
7233
9826
7101
7185
9782
6553
6771
6540
6557
7631
6995
7726
7049
6779
7255
9895
7189
8188
7076
7790
6913
6954
7202
8345
7628
8133
7299
7608
6854
8806
6811
8246
7696
7480
6880
7280
6651
6720
9258
7168
7964
19156
21206
15847
15479
17247
41004
8084
6286
8288
7153
6255
6063
5952
5831
5478
5391
5843
5883
5806
9086
5816
13572
6178
6615
5823
5874
5494
5521
5671
5294
5578
5577
6139
5766
8056
8144
5746
5725
5519
5970
9337
9749
6972
6530
7497
6638
10028
6257
9005
8963
6967
7367
9046
7003
6267
5994
7269
6478
6014
6004
5819
6128
5940
6375
10145
8483
6504
7494
6747
6707
7923
6223
7894
6577
6566
6840
6928
7797
9800
12690
8298
8048
7156
6711
8652
6916
7862
6850
6765
5877
6284
10014
6508
9951
7525
7056
6120
6069
6006
6560
6310
7016
6881
27301
8007
7744
9575
5903
6461
7143
6590
6203
6829
5931
5660
5950
7573
7241
7687
5793
5602
6844
8256
6586
6425
6779
6901
8180
7068
7503
6995
10199
8991
6851
10418
7072
6864
7604
6820
12971
6529
7297
8391
20690
7356
7145
6623
7862
9781
14184
12040
7859
17651
22177
15372
14516
14984
14664
14255
6727
7402
19884
10473
9117
9101
8252
13655
19735
10706
8744
9714
10762
6979
7474
5746
5826
14726
5632
12430
16964
11950
5716
6096
6175
6105
6406
6394
6030
6297
7517
6898
7610
8572
7250
6260
7665
6459
6753
6904
6412
6696
8477
7186
6695
7025
6935
6680
9985
7700
10866
6936
6564
7513
7973
6655
6722
7905
7060
7125
7757
7367
8409
12909
6850
10083
7062
6274
6553
7549
6430
6266
6313
8073
6915
9570
6314
7728
6275
6899
8032
7229
7514
7471
7408
10284
7376
8148
10139
7687
8512
7177
8081
26900
8077
6884
6831
9012
8528
8597
6550
6301
6838
6008
6288
6572
6737
6604
5270
5745
5293
5143
5419
5265
5118
8366
6663
5640
5564
6436
6356
5994
5198
5722
5261
6230
6789
6652
6635
6314
6055
8328
7584
7221
6726
8828
15224
7051
8364
6761
6720
6997
8510
7667
9777
16355
14588
7357
16626
15998
16441
20884
21143
15839
18488
6830
7203
6540
8289
10766
8004
8523
8120
8526
8338
7622
6861
7049
6994
7069
8042
7881
9220
21303
9052
7809
8398
10293
8087
8139
7770
16993
39837
8212
11564
28640
7891
12274
7502
7753
7818
9264
7920
6957
7700
7264
7028
9457
7815
9870
8657
11547
6828
7538
8659
7766
7430
8477
8202
6704
6366
7532
7502
7712
7736
6026
5699
5521
5553
7061
7143
5382
6555
5612
5658
5496
7144
6773
7438
7421
5876
6776
5745
6101
6846
6309
5583
5523
5930
6475
6383
5969
5879
27188
7570
8701
7794
6778
6383
7236
7404
6550
6831
6908
7202
6872
9935
6573
10355
7826
8644
6490
6610
8308
7636
7991
7502
7872
8784
7674
6736
7271
7798
7616
8289
8953
7936
8173
7859
8298
11212
12189
7085
7121
12111
6972
8883
8840
6647
7361
8909
8185
8756
10256
8364
17244
21636
16852
18497
19499
21131
21733
6991
7062
8000
7032
8014
7848
16180
7670
8136
7296
6469
7124
7244
6717
6406
13593
6646
7318
6547
9627
6815
8135
6916
6863
7379
7450
7159
7458
8391
6563
6492
6751
6386
8644
6357
6980
26225
6518
25727
5630
5481
5541
5792
8887
5777
6825
5930
9143
5904
6440
7798
5985
5842
5781
5761
5365
9056
11084
8583
14543
10936
7327
7838
7563
7531
6821
7446
7499
7320
6073
8373
5946
6831
6069
6123
7440
6513
6553
6027
6447
7053
6737
7270
6587
7126
6817
8248
10093
6548
5973
30745
9630
6758
12023
7213
15372
7894
7955
7808
7365
6948
8522
6985
9118
7839
10270
13980
10006
11181
9886
8786
8742
7898
24627
7300
8826
7540
7915
7358
6898
7040
6829
6916
7089
22483
7294
6480
8530
7274
7982
7063
6859
7122
6982
6684
6627
7004
7802
7134
6831
10996
8802
9085
7656
9106
7232
5693
14461
15194
14942
16646
16176
17438
15916
17620
7812
9673
7014
7453
16360
13842
8312
7127
6377
6434
23923
25494
8739
10726
8994
7052
8688
6540
7502
7882
6412
6609
6942
6990
7874
8777
18533
24479
7890
10141
6983
7206
8046
9772
7496
14013
8574
7025
8713
6985
9364
7031
7328
7314
25361
7437
8681
6821
8338
7591
6641
7406
6764
7157
7473
6938
6894
9280
8911
11153
6880
6838
6601
8692
6490
6565
9126
6987
7398
27859
8470
7802
7918
7014
7619
10356
8707
9076
7383
9253
7483
8895
11431
7296
6283
5997
6420
8775
7035
6344
7374
8315
6927
6931
9734
7823
11055
9144
10408
6895
7680
5952
6157
5486
6245
5181
5445
7779
7202
5715
8608
6243
5172
5953
6447
6850
9694
9128
5990
7498
6709
8164
27492
6554
20520
8776
6984
6946
8712
8467
7014
11039
6697
9071
7200
7282
7334
8235
7330
7607
7313
8743
8077
6983
9157
7933
6330
16004
16811
25285
24334
23662
16442
16241
9021
8155
8575
8356
8750
10578
11699
9554
7393
6841
7005
7956
12325
7715
7309
7732
7009
9881
7483
7487
10746
11889
7461
8217
12180
17986
7633
10360
10268
10628
7502
7482
7999
8615
8125
8191
7525
8017
7961
10157
8618
7237
11199
7500
7218
7364
9321
8748
6971
6155
9996
8292
8037
11052
6525
6019
5441
33400
6026
5163
5262
5948
9120
8278
11995
6093
6241
6144
6932
5803
12312
7592
7345
7804
9572
10606
37277
8543
11440
8198
7935
7499
7765
8544
9095
12316
7653
7065
7966
8298
7468
8540
7599
6939
6872
7067
12521
7401
7017
7294
8455
7268
7141
8007
7659
7081
8637
7379
8228
8851
7907
11818
6802
28357
7960
8000
7284
8164
8030
9901
7817
8897
7915
7450
7783
8430
10984
8633
8472
7527
7751
10520
20287
7891
11041
8171
8687
8619
8386
9339
7782
9561
6595
11502
7672
7912
9905
7185
19962
15689
18623
20917
15762
16178
15056
9855
8499
9658
8687
8079
8663
6221
6057
7061
6895
7094
6260
7247
6653
6643
6420
6310
10269
6449
8126
6741
6171
5745
6299
6797
6654
6179
7958
6640
15240
8413
9017
6950
5880
6286
6659
7898
7663
24548
7429
30267
8099
6750
8324
6021
7778
7660
15578
6629
6784
9413
9426
11182
6677
7674
8791
8784
7465
7157
7037
6524
6736
6980
7337
7966
7630
6594
6402
6694
6675
6689
8647
16414
6640
6654
7407
7083
11362
8550
11174
7967
8217
7728
7091
7609
7183
7030
7182
7047
8175
9898
7057
9455
10168
7395
7927
7557
32527
9829
7785
8982
9114
7971
6802
6814
6926
7070
7516
7257
7013
10252
7070
7875
10220
10389
8458
15664
12637
5440
14744
5699
7172
5830
6080
7075
5521
9423
5544
5773
5282
5407
5040
7887
5393
4942
7601
6135
6459
14454
9217
26232
6785
18802
34831
12947
15442
13675
8528
10323
7446
8314
8190
7733
7260
9207
7289
6947
7586
9827
17695
15635
6069
9191
7424
7870
14228
7638
7475
7835
8805
10916
7795
8453
8640
7525
7607
8560
9027
8614
7439
7719
34146
7075
9059
8040
6207
8556
7957
14122
8469
7988
6373
6772
10631
7047
9462
6878
6713
7206
11251
7690
10067
7343
7413
8072
6690
7557
7225
8666
7245
7841
6221
9897
7563
11195
7368
6521
6133
5735
7283
5702
6131
5922
5927
6345
5838
7061
9865
7432
8748
5995
6234
6349
6539
13607
6983
5615
6160
5291
5301
5894
7372
5534
8267
7739
6039
6173
5678
6239
5650
5737
6137
17738
10190
7776
7859
6045
5461
5169
7249
18456
7384
6332
5410
9420
6236
6141
6701
8510
5817
16002
6870
8675
8194
6670
7243
6672
6007
6298
7631
6597
9406
7147
6464
7424
6488
7122
7309
7281
9436
7019
7527
6655
15441
20231
16557
16037
17386
20112
19915
8430
8977
6867
7520
6870
7260
9458
7182
6065
5817
6499
6129
6750
8035
6089
5517
9391
5764
6235
6754
6190
6394
6215
5845
6303
8013
7535
7988
10895
9194
8025
6862
6953
8232
6705
7045
6627
9134
6332
31857
10001
7861
9166
7783
7642
7637
7196
8518
7253
7712
10373
13853
6665
6199
9956
5977
5940
5762
5440
5379
5313
6686
5576
5182
25608
5934
5761
5407
17226
12646
14363
6937
7594
6046
8142
7834
287005
9924
10557
7708
7618
7379
9249
10930
7852
6319
13512
8088
8108
10046
8917
8936
7641
6943
8635
11728
7759
6478
7324
6866
9926
7067
9831
7258
7844
9429
6537
8095
10598
7406
7887
8226
8649
7000
7790
10225
9301
7796
42214
8282
7256
6989
10375
8684
6852
9714
8769
7355
7751
10524
6172
7367
8951
7710
6733
9963
6476
9684
6977
7208
7316
9171
6636
8543
7134
9108
6905
7238
20894
22564
44658
112141
20028
21771
16107
9826
7427
8957
7469
7894
7068
7087
10122
10160
10696
6555
6898
6727
8272
9391
8559
9082
7274
27089
93060
8549
14059
7358
23297
8006
8846
6821
7011
8044
9142
13026
8638
6626
7222
7833
8137
7142
7071
9072
6768
7123
30633
8012
9952
6956
7016
6922
9729
7946
26433
6843
7613
7915
6768
6913
7551
7154
9084
22286
7119
7338
10247
9839
9981
7231
7271
6843
6836
7888
6581
6989
12889
13288
6638
7350
6917
6381
6443
7995
9514
6057
17198
7148
7164
7940
7713
6925
8751
7088
6340
7151
7077
7549
6323
7888
6625
6600
7437
9496
10050
11795
6965
7372
6969
6979
7195
8638
8263
7654
47530
8762
7856
8088
7994
7762
8458
8151
7911
7684
10254
11202
7980
7294
8914
7557
7884
7506
7697
7604
7641
7283
9443
8165
10478
7226
7881
7896
8134
8005
7226
6891
6846
6985
7110
9119
8972
8367
6878
15279
18319
16740
25413
16554
18622
15285
7764
7241
10113
6722
8628
7664
13710
7056
10093
6127
23840
7886
7464
7357
7121
7012
8299
7873
6432
9307
6867
6919
7912
7171
7301
19154
7338
7139
9321
7073
7549
10941
6908
18337
8041
6378
22831
6083
5916
9203
6398
6890
7147
6576
7505
7008
6386
6574
6691
6181
7477
7891
7272
7542
18063
8224
14180
6746
7931
14583
8028
7354
6937
8328
8083
8180
9905
8317
7976
8267
7365
7655
7375
8171
6627
6942
7415
7764
7133
8038
9573
7696
8998
8085
6625
6892
7159
8775
8160
7641
8690
8596
6856
7438
8181
33930
12749
11580
9278
6971
8277
10289
10332
7352
7264
7402
10349
9327
7552
7557
9981
6861
10450
6501
6942
6763
9291
8300
6953
6517
6997
8187
6895
14695
6995
11428
6668
6554
6385
8225
7002
7345
6664
8468
6344
6595
8237
8308
6800
6934
6290
6691
6326
6134
6104
26042
8545
6987
27047
7687
53974
15750
19729
20766
18418
16521
16431
8217
7424
8472
16606
7751
8222
7307
7573
7076
7326
7019
7371
7650
9212
8459
8307
7431
11020
7816
6577
8586
6879
6318
6821
7231
7514
10349
9126
10880
9708
7114
6785
7223
8006
7045
7191
7046
7469
7342
7454
9615
9254
7715
9200
7398
8678
14177
7243
9107
7980
7062
10231
7968
8187
7297
6626
7952
11188
7693
6838
7769
6947
8827
8324
8617
8131
6845
7880
6636
6557
6380
7394
22821
7040
27276
7536
6846
7154
6936
6948
6942
6807
6370
6871
6659
8236
6861
12224
7180
8234
7651
8257
7386
7953
9214
8323
10603
8101
8524
10639
6888
7496
8172
9344
7535
7873
9052
7609
7477
7470
8821
9939
8625
9280
7391
7711
8095
7938
7670
7256
7139
6576
6990
7905
8710
9889
7738
6404
6835
7017
7413
9958
6760
7102
6333
10551
10235
11993
6988
7056
6925
7472
7641
6399
8777
7081
6700
6561
6917
6759
17150
20065
14578
15613
21340
14383
18758
5937
6153
5938
5717
8241
6431
6448
7999
5860
6265
6747
7528
6281
7108
7456
6456
6585
5586
6157
5732
6750
9100
7504
7070
7059
6650
6942
6922
8869
11419
8186
7904
6598
7450
6777
6164
6033
7957
6136
6387
6622
5752
7302
7003
5768
9527
5953
6650
5670
6449
6946
5890
6125
6216
6014
6753
12578
9631
8505
7599
8748
7991
8789
12907
7313
20044
7863
8004
8584
13820
7464
9367
32677
7885
7028
7474
8984
8168
7746
8744
7093
6894
6414
6811
7924
6904
7552
6649
7091
7099
7938
8875
7074
8040
7036
6983
7531
6391
12544
7279
6763
7506
8906
7495
8628
6578
7079
6804
7173
6800
8209
7492
6881
7603
8991
6919
6918
9273
22289
27635
8008
22123
9034
8775
6983
8104
7296
8034
8266
6663
7173
7128
6891
6829
7297
7126
6756
8063
8667
11613
7345
7639
7501
10690
8784
7702
11009
9417
7522
31657
16458
24915
17202
16624
21289
17412
7007
7184
8998
6638
6832
26761
7625
7835
11860
7019
23487
7220
7164
6883
7404
11723
27065
8317
8368
31333
9984
8247
9446
12518
9445
6821
8805
8734
7594
7322
8105
7559
7814
7342
6979
7923
8675
12768
7667
10506
6942
7663
7529
9187
8214
7802
61640
8001
6694
9390
7887
7156
6699
6350
11031
6662
8465
7456
6443
6879
8521
6575
7172
7076
7914
6602
8769
6973
7654
5399
8110
8526
6195
6165
6019
6739
6418
5642
7206
7459
6621
7009
23731
6470
6872
6286
8781
5870
5837
33375
6146
18711
28236
7842
6311
5658
6003
7815
11654
5466
7222
7973
7477
8180
7208
6758
6347
6949
6170
7437
6685
5660
5869
5671
7733
6155
8177
6330
6658
6892
5680
5436
7050
7701
5840
5514
16515
6349
5874
5657
6412
7013
5797
8691
8174
6098
5835
7081
7309
6870
6816
6626
6636
6826
6332
7505
7174
5818
18951
14184
15006
16133
15036
19282
19483
14643
8531
12006
7187
7580
7074
6127
8729
8353
8070
7835
7942
7415
15148
7855
7063
7994
7183
7424
11030
9007
7994
8419
9914
15428
7271
8861
7954
23445
8530
5806
6607
8417
8331
29294
8690
9955
7779
7072
7860
9352
8920
7476
9866
9812
7510
7661
7165
8675
6851
28784
10162
6873
8363
11546
6205
24168
32085
7156
13999
6320
5858
8213
6626
7116
25782
6924
10525
6346
11356
9068
6247
6723
15083
6728
6408
7162
6100
6459
6789
10533
5752
6895
7060
6087
6406
5964
13470
6306
7397
7013
8179
9053
7694
9083
9167
11948
7293
7602
7529
7077
7473
9355
7893
8264
8522
10045
16366
7982
8515
8088
8012
8119
7872
8176
7597
8495
9877
8227
8649
8101
7921
7256
7707
8393
8456
9159
7578
10323
10320
7960
6092
6557
7049
7879
8112
5807
6515
6854
6313
6838
7212
7664
9524
8721
12316
17358
18662
18551
16569
17855
19603
10114
12113
6366
6117
6560
6570
7701
6239
8591
8854
6772
10646
8045
7256
9771
8149
7664
7702
6299
6513
27970
7844
9868
8323
8454
7628
10368
20126
7000
8698
7344
9100
9665
9058
8765
7215
7131
8012
8200
8105
7002
6587
7665
8463
6630
7401
7872
6755
9090
7859
7843
7037
8736
8386
7820
9629
9503
9814
7455
6671
7082
7262
6975
7217
9499
7519
7848
9454
12150
14404
8733
9467
10825
13793
8192
9137
10678
9618
25935
7887
10301
7595
8839
9585
8690
7967
9235
8198
10625
24186
7705
8430
9193
15984
8431
46585
7004
7038
6948
7068
6915
7261
7383
7570
10086
10195
8727
8107
6286
6992
6853
7704
6414
7027
8852
8987
7632
7691
9923
8536
8315
7761
6957
7014
7025
6928
7082
10271
6735
6912
7013
8512
8613
8120
7817
6938
6701
7373
22979
7022
6770
6819
21326
20275
18069
16699
17860
17593
18443
6813
8072
7745
29479
10486
7156
7246
8943
7752
8475
7402
7424
6965
7758
7817
7407
7504
7512
7211
7352
7637
12129
7300
8161
14599
8322
7816
10168
11140
8656
7575
10872
7641
9996
6689
6521
6997
6774
7082
7799
9171
6747
6373
8317
8195
10397
7920
6534
7352
7649
6556
7455
7094
6997
6929
8429
7023
6647
9769
8079
7459
10731
7181
8058
7089
7944
10272
7572
6815
6998
7304
8821
9519
10717
6834
7061
7737
6997
7297
8053
7364
6841
11045
7572
11439
6824
18043
7124
6708
8779
7565
6862
6810
8004
7289
6747
9613
9367
6716
13621
7401
8106
8352
7632
7061
6703
6542
6715
8991
9158
7997
8021
6983
6793
10058
8885
10661
7837
7968
7954
10845
8439
8286
6936
7270
8076
9522
10242
7874
6960
8351
27842
25710
7660
10920
7717
23819
6801
8596
9790
6895
8368
7108
8540
8040
17196
6780
7093
6970
38655
16069
18722
21580
15883
19079
18851
5906
6766
8503
5502
5856
5480
5773
5711
5628
5534
5960
7449
7495
6719
8483
26621
6589
6368
6960
7905
7980
7164
6809
8807
6443
6629
6919
6640
7374
7129
7189
5960
6239
6129
6896
6518
6576
7806
8545
6070
6076
6901
6824
8112
7287
6255
6374
6768
7179
6671
7565
9340
14442
6083
6233
7515
6824
5379
6509
5669
6005
6071
5995
8789
6261
6038
10528
8260
6717
6310
7149
6886
6509
7632
6170
6591
16004
6070
6066
6336
7036
8458
5942
10536
7193
7064
7307
7069
6721
7640
8506
6613
7209
7941
9972
6804
6910
7962
6894
7291
7773
8665
7927
7697
6751
6658
6434
7705
8261
9598
7426
6396
7260
6485
6572
8597
6830
7889
7392
7712
7123
9580
6703
8790
6789
7718
6472
6872
6995
14320
7055
7202
6811
6685
10168
7221
13336
7667
6399
7935
7294
22341
17574
19533
19270
34285
16518
19898
40339
5639
5453
5584
5447
5163
13787
5958
7090
7730
7419
6632
8386
6483
5661
6251
5986
5924
7263
9105
6298
10528
7303
9062
9922
6368
7588
5890
23926
7751
6074
7801
7655
7648
6235
27275
6666
10789
11779
6667
12745
6293
6801
6021
5464
7531
7431
6739
8615
7303
7155
6756
6251
6390
7281
9006
6626
6595
6920
6474
10452
6955
8336
7500
6989
7416
7752
7391
7014
5850
9861
7053
15521
12458
22898
6632
7139
6088
6356
6161
6455
6243
5760
5868
7725
7918
6021
14710
7922
7604
8702
7958
7132
6991
6685
7497
7523
8208
8339
6531
9369
7611
7243
6167
6780
6521
6330
6651
7115
7044
6952
8632
8907
7244
8808
7021
7377
6274
7238
7790
6111
6391
5415
5600
6133
5216
6529
8097
5103
6163
5611
5176
5496
6557
6077
5510
5919
5941
5905
5413
6191
5634
6283
7224
8234
6027
6456
6455
8171
17106
17090
17739
39997
18753
16319
18224
8110
7781
8762
8810
7934
9065
7068
7188
7404
8841
6599
7513
6775
8849
6568
6365
9790
6056
6813
6148
9345
10739
5988
5868
5783
5214
5843
9446
7138
6664
9526
7047
7736
6679
5991
6051
8247
7159
6410
6136
6156
6696
6520
6856
6321
10836
7477
7948
7319
8045
8261
8038
7557
7459
6767
6372
7169
7024
7867
8030
11349
6269
6371
6092
6409
8556
6459
6487
6703
6171
6788
6486
7728
9640
12806
5722
10410
8277
7944
6350
17422
6920
6075
6826
8719
17765
6805
7353
5863
6003
5726
5423
6491
5836
6483
6565
6327
5715
6993
7777
5995
6291
5460
5657
5597
5531
5705
5102
5678
5311
5036
5405
5588
5441
5747
5573
8710
6254
6389
5871
5970
8439
10322
6166
6786
6863
6751
6563
6982
6957
6856
7769
7237
7304
6344
6398
7499
7456
7317
11095
6066
6776
6179
7802
7961
7183
7237
7227
6378
14594
15370
20264
17589
19206
18213
35367
7290
7108
8284
7091
8212
9152
10741
7163
6913
6892
14856
8369
8891
7700
8781
7241
9319
7032
8358
7643
7530
8299
7866
8338
7801
10364
7565
7657
8371
9913
8214
7271
12908
7844
7021
6891
7132
8256
6972
7954
7964
9414
7769
10867
6782
7885
7787
8748
9806
7525
7114
7455
7927
7896
9109
7662
7248
6478
6048
7103
6468
6808
5916
5872
6485
6083
5945
6600
7983
7764
6236
9294
6165
7749
6191
6160
6902
6956
7096
7488
20449
31861
6799
8915
9146
9185
7275
6821
7588
7162
8642
11063
14253
7637
7120
6876
7937
7110
8147
7554
8316
7096
14345
9663
10347
6491
6381
7259
6640
6429
6824
7216
7545
6778
6018
7632
12557
7901
11036
9503
10452
6795
6049
6682
6767
6449
6833
5978
6159
9337
6028
11110
8400
7942
9869
6206
6660
6242
11292
8702
6990
7914
7463
6112
6806
6669
15062
14909
14957
17174
56373
15551
14946
6488
6258
7529
8678
7339
6876
6250
6522
8562
7516
6464
6736
5894
15840
13326
5426
7339
7059
5708
6458
5708
5661
5464
5461
5362
6059
5882
5893
6070
5849
6076
5592
5879
8134
7509
6160
5772
6114
5973
5572
6162
6292
6427
6718
6405
6138
6469
7071
6188
6629
22505
9112
25615
22578
6705
8990
13951
14180
10225
8563
7954
9329
6701
6211
7502
6687
8007
6945
10869
7712
10150
7777
7445
7855
8470
6873
14940
7684
13046
14070
9274
7762
7737
6845
7419
6965
6849
7157
7055
7117
7714
10860
8582
7328
8356
7166
7899
7839
7912
8112
8119
6913
7501
8044
23894
9853
8720
9587
6921
6552
6501
8072
7356
6908
6963
7878
8837
12976
7293
7848
9287
7886
10058
6926
7018
5622
6046
5891
6854
9750
7559
7465
6390
7984
7187
5712
11131
5281
5507
5305
5258
5305
5770
7020
7794
5318
17768
38863
13915
13948
19008
15516
15531
8062
7039
9054
6621
6274
6037
7755
7573
11208
8825
11162
13700
8020
8047
6817
6187
7523
6669
6287
6993
7836
13616
7586
6373
5719
6128
6328
6253
6409
6773
6423
6730
6052
6380
9904
6660
8108
6107
6016
7083
7591
7513
6815
6262
7098
6548
6031
5580
5662
7795
7029
13035
5903
6333
6649
5777
5354
5748
6107
6263
7098
7146
25907
10090
7336
12515
25883
8047
6865
6600
6398
35579
5694
5638
6295
6017
22455
5849
7123
7051
14928
6446
7193
6632
5933
5543
7455
5819
5674
5664
5760
5854
5907
6461
6109
8829
8201
7531
6146
5828
6567
6405
5596
5717
5644
6049
5630
6029
7845
7156
5472
6592
11036
5931
5792
5103
5584
5481
5494
5922
6399
6885
5698
5692
5503
5601
5765
5683
6895
8114
5872
5818
6335
5452
7659
5347
5616
6291
5587
6772
5336
14738
17676
19689
21696
24351
43188
19976
11845
8438
7564
10076
6348
6777
6141
6021
9266
10846
9793
9270
17684
5808
5794
6819
6066
5781
6635
9022
9040
8619
10931
7308
6590
6715
6820
7495
6541
7108
6639
6419
9674
8765
7710
7609
7556
9127
8252
6279
10695
7648
7403
7364
10849
7459
12222
6385
6249
5767
5874
6230
7425
6249
6688
6946
5596
6139
6459
6423
6418
8488
7215
5792
6123
5565
5987
5581
15563
23071
6740
6878
20729
5601
7925
5808
5828
8616
6022
6502
7900
15922
5433
6116
6165
6160
8172
13125
5927
5227
5853
6376
6029
6692
6726
5694
6338
5831
6133
6574
7275
7220
14448
7431
6463
6770
6327
6738
6574
7372
10993
6707
7259
8777
8889
8732
7734
7375
8052
6861
6678
6642
6618
6493
8832
7106
6837
7174
8203
6799
6711
6956
7977
9387
6710
6670
8428
6782
7333
8787
9071
8113
6214
7042
8030
10176
6729
6199
5913
9748
6518
18060
21072
22652
40103
16763
18640
22305
23759
8789
7347
7001
7830
7509
7963
27290
6702
6920
7371
5948
6160
6142
6054
7092
6875
8598
6744
11295
6438
6350
6800
6932
6141
6268
6280
7833
6221
6646
7143
6880
5495
6151
10955
5999
5504
6351
5294
5978
6194
6399
5876
6964
5955
6066
6027
6012
6670
5971
8926
6465
10279
9025
8247
6478
6684
8924
12018
7573
6523
10920
8623
8372
8979
7157
7979
7150
6406
7679
6280
7881
7868
6794
7287
12585
7008
15871
7025
7429
6800
8449
7926
7629
6656
7187
26083
12697
23314
6216
6234
8726
7018
6277
6689
5885
5845
26749
5512
6390
6160
6023
6876
6475
8542
6672
6535
5991
6262
7701
8476
6760
6155
7557
6111
6385
7095
6967
6658
6025
6733
5850
10335
6632
9531
9931
6800
5958
7910
6943
6087
10462
6013
8587
6855
6366
6392
8344
45058
21973
16154
44825
18967
15467
7548
23776
11108
8052
7352
5880
5454
6017
5454
5290
5348
5945
5524
5438
6141
6291
6181
5682
5754
7374
7385
7657
7695
6798
6631
5925
41836
131018
12130
7548
12142
10302
22309
9753
14772
40184
6804
7202
7245
6979
7275
8388
6818
7478
9332
8882
10826
7259
8455
8442
8703
7221
17352
8216
7370
7036
7479
7495
17690
8179
6873
8845
7372
6608
6693
7602
7772
7309
9933
7299
15144
8455
7066
6704
7680
7629
6804
7440
8150
7665
10040
6943
9083
10496
7607
7790
6810
7529
7204
8008
8556
8198
6455
10899
6382
8139
6864
7177
6858
6466
6951
7198
6699
6927
6611
7350
7451
8837
7951
9311
9179
6839
7863
7062
7502
7972
7930
9539
7999
8072
15903
9832
7366
30520
10089
6698
5752
5772
6652
8751
5761
6135
9086
6801
7421
6392
6316
6969
6885
6978
6157
6819
5929
5801
11064
6949
7485
7785
16210
15945
15867
16203
19029
24562
12720
7606
8102
7157
7633
7027
7518
11891
11006
10721
9138
9906
6645
7093
7272
7431
7625
7059
7609
8442
7718
10701
7144
6515
7223
16294
6117
5965
7020
6643
6519
22350
7701
6849
7104
6375
6608
5859
6823
6131
6344
6819
6783
7293
6304
7920
8187
6835
18954
6661
6241
6573
6234
9316
7688
7574
7281
11029
9279
13056
6752
6988
9578
7141
6584
6401
6871
5757
6021
6090
5798
8702
7692
7387
5792
5778
5840
7211
7860
6817
7069
6767
6899
7109
6968
6932
9301
6727
9723
14735
6996
6476
6787
6451
7928
7639
10006
7054
8738
8625
11086
8586
6912
6979
6734
7086
15485
6671
6370
7033
5531
10452
7127
7996
6893
6963
6105
6633
5969
6092
5777
7528
7164
7209
27440
9907
7990
9025
6566
7171
6545
6583
7451
8607
8388
7899
10221
8467
7271
9185
8019
6781
7261
6643
7271
17842
16196
26295
17590
17044
37077
9700
8730
8538
12570
8594
9558
8127
9642
10334
7405
7012
8456
8811
11675
13467
7956
6604
7215
6681
7317
8193
6165
6612
6192
8492
6987
9898
6439
6076
5751
5754
5495
5428
5899
7055
5864
5839
5570
7045
7791
7863
6191
6382
7250
6595
6885
5958
6442
6155
6034
13730
7264
7011
8804
13507
9674
8454
10941
6564
6204
9133
7162
7846
26025
8911
11236
8268
6677
6522
6564
8118
7218
7978
7214
6034
5843
6146
11071
5984
6146
8025
7757
7369
7539
7953
7239
8359
7692
6869
8971
10026
10004
12466
7208
23770
27236
7780
11157
11250
8726
8798
8121
7868
7991
6904
7545
7370
7366
7459
6961
10605
7162
8253
6606
9077
31205
7441
7203
7261
7364
10046
6823
9779
7186
6866
7179
8763
7881
8304
7226
6786
6841
7399
7161
8749
9507
7243
8137
15272
7475
6996
8097
8168
6886
8070
19083
19026
20968
22751
14689
22552
21018
7583
7211
6800
6818
7650
7548
21941
6800
9115
10950
7949
9673
9356
7150
7833
8052
8013
8129
9296
6989
9132
11059
9045
8631
8119
7088
7142
6636
8520
7754
7191
10402
9750
18151
8856
7938
8403
10354
9107
7759
8040
7292
8483
9181
8151
6733
8409
8543
8165
9004
8971
7899
9769
7106
8946
10768
12121
7468
8866
9171
8533
6814
8513
7718
7317
7588
9334
12316
12633
8326
9393
8242
10446
7294
7860
6604
13680
10663
7014
7466
7690
7454
8181
8073
12162
7603
10517
7899
16775
7079
11564
17000
12244
6619
6099
5677
5773
44772
8118
6681
6135
6448
23602
8918
6901
30296
27068
7392
7798
13583
8744
7839
8111
12396
7075
9884
6649
7737
7660
7491
7434
6996
7382
7601
8461
7649
7952
9911
9548
9085
8319
7746
8294
8185
7474
7066
8864
7030
10665
8836
9444
6931
7228
9501
7274
6887
8002
8822
7278
7012
18144
24041
18852
16217
15781
16903
18891
8649
8022
9006
10669
7604
7877
13517
7269
9043
7040
7800
7075
6797
7323
7369
8238
8842
8987
7313
7228
6853
6941
6707
7077
9838
8351
7424
7351
7815
7107
7402
7980
6755
7877
7108
8784
8556
9040
7330
7698
7693
6525
6053
10305
5393
5596
5857
5949
7456
6206
6213
9435
7593
7872
6107
5706
6380
6770
6198
7029
7463
6587
6800
7682
6380
7480
7761
9927
9082
22421
7369
7909
7818
8217
10807
7803
10777
7418
6757
11225
7453
29609
7162
7005
7952
6796
9455
7099
8867
6651
7324
8011
6818
6916
8035
6943
7797
6989
7406
7834
12033
11015
6879
8398
8883
8527
13865
7526
8287
7289
8937
8028
6880
7387
6463
6734
9135
7615
7745
7470
8198
7531
6613
6843
12116
6855
7900
9688
6643
6747
6596
6746
7636
6980
7006
7095
6879
6760
8774
6614
8296
9087
6775
7447
7236
7932
6987
6948
6956
7054
21667
16315
16126
17312
21331
16086
20595
18390
6844
6725
7660
7951
9229
6325
5648
5341
5500
14024
27744
7058
18203
13768
8298
8595
11171
7344
27145
9726
8762
8518
7171
7354
7204
7939
8030
8808
7258
10720
30297
5926
7255
6379
6363
21143
8680
9061
7587
7898
11638
7679
7249
6789
8067
7270
6903
8647
7265
10039
7927
7238
42846
25018
27540
12172
8163
8296
7024
7627
6824
7366
6911
7652
7360
8630
8823
7623
10195
7603
10468
10995
10088
12426
7682
7131
7412
12133
8085
8892
8716
8098
7990
16458
7060
6764
6946
7308
14015
18535
10502
9091
25316
6293
6780
7114
6380
12106
6623
7858
6265
7848
6865
6019
5384
5462
5183
5906
5475
5430
6172
5306
6722
8286
6770
6028
5925
7082
6136
5822
5899
6171
5935
5869
5965
6503
18386
14243
16799
9068
7380
8508
7256
7340
22897
6971
20496
19553
16978
15424
21210
16433
13163
7626
6502
7108
7070
22034
25666
7738
11905
7634
12256
8550
8080
7738
8306
8104
8810
7156
7068
6773
13664
7106
9218
6748
7019
7671
7906
6965
8229
7695
6286
9361
8153
8273
10337
9063
6659
7145
8643
7997
7383
6825
7220
6896
7118
15323
7574
14003
9152
28216
8062
7454
6887
9386
7746
9014
6705
10372
9014
6939
6659
6096
7230
6305
6264
12355
6379
6729
8111
6899
6707
10404
6000
5412
11808
5554
5819
5238
5296
6322
6337
6954
7790
9626
6455
6893
7022
7579
6797
6328
6678
18714
8061
7844
8257
8370
8305
7346
6795
8135
7208
7457
7303
8275
6829
6884
7116
6762
8163
9002
11380
7298
7279
8300
8129
7622
7068
8245
8117
9862
9490
10154
7348
7628
8044
8750
9571
7483
6771
7304
8535
7612
7457
10678
8500
20443
8963
7449
7572
7359
7623
8018
7293
6875
8280
8250
11884
8163
7313
16038
15789
17185
21595
31976
16485
15006
6087
7101
7496
6454
7350
9063
6646
9220
6620
6435
6602
5623
5745
7047
7599
9088
6239
6542
7651
8017
18597
6618
7591
6590
6261
6321
6261
5078
5300
5677
5841
6150
5771
8750
5668
5718
6657
5453
7610
6571
5657
5775
6126
5202
5447
5865
5528
6068
28297
10919
5802
5707
7662
6816
15374
6396
6511
6205
6488
6040
8625
7306
8650
7022
7901
6954
8021
7005
7967
8245
8303
8739
11144
9408
6968
9964
6851
7113
7089
7295
8226
7604
7500
7534
8063
8926
9877
9006
10286
7903
7629
6930
8049
8901
7206
8566
8051
7240
9922
7238
7012
6962
7682
7058
8208
8280
7479
7269
8886
10330
14469
8144
16164
8802
14435
8317
19357
8233
8753
10813
7579
7529
7866
9078
7209
14739
19122
8179
9854
10012
8391
14950
7537
7538
7760
7481
9027
7663
9336
7250
7367
8531
6491
6603
19356
15832
16924
27835
29343
24825
16025
11329
7115
7050
6972
9516
9383
14640
6954
8305
7806
10802
7958
7863
8062
7516
30197
7050
7381
25490
29051
7529
11057
23631
8491
30083
8182
7973
9228
9384
8841
10937
7530
8603
8162
7526
7250
8137
7051
8978
7586
9229
10471
10616
9166
8266
9120
9627
7722
7057
9144
8227
6848
8191
8817
6958
8854
6837
7867
18853
18926
7273
6697
6646
11658
14404
8247
8925
7875
7095
6795
17184
19719
15471
8962
9851
8921
8256
8721
7523
7201
6166
6176
5863
23597
9340
7600
6030
6111
5540
5647
7194
5479
5197
5456
5563
5530
5342
6608
6782
13459
23784
20018
45792
12496
10178
9152
6995
7121
5782
5887
5952
6468
5868
6068
7244
7508
10436
6276
8720
6156
6490
7051
7861
8654
6760
6953
7141
9065
7878
8447
13563
11196
6970
8013
7607
5620
5600
6570
6084
6403
9158
6104
7136
10451
5987
7084
15326
16816
16094
16285
20650
19747
18096
8770
7524
10837
8090
46395
18370
8045
14373
8527
11850
8245
7910
26870
7835
8270
7731
10353
8968
10946
7547
7785
8345
9951
12622
8821
9326
6466
7360
8030
7817
6738
6675
7206
5873
7220
8057
5163
6992
5529
6205
5441
5171
23548
5593
5444
5456
7051
6007
9682
6512
11622
16740
11803
7630
9564
13677
6903
6955
8088
11204
15080
9887
5661
6274
5402
5675
5875
14081
7652
21190
5680
5801
7679
7432
6126
6657
5632
5357
5695
16304
6230
7205
8630
8917
7306
7598
6304
6437
7427
8575
8163
6690
10506
6602
29949
9123
6735
6731
7466
7853
7141
7669
8710
12137
7194
9851
7662
7195
7033
7623
6706
8420
6683
7601
7130
7801
7218
8030
8120
11399
8063
25974
8612
8666
9303
7965
8009
13913
8251
8772
9726
7824
7451
8547
7355
7668
7579
7900
7917
7879
7849
10198
9276
7010
6689
7335
28511
6361
5862
5765
5993
14828
23410
15746
14907
15025
15585
16185
7237
6966
6681
9546
7226
45090
10567
14688
7321
8906
7154
8002
7575
8817
8130
7799
7645
7357
7074
6935
9274
7539
11556
22489
6969
10786
11087
7252
6478
7215
7846
9292
11385
7255
6685
7736
6973
7600
8255
6899
6979
8042
8861
6937
9089
27241
14612
7204
7156
6937
7220
6607
6919
8926
9252
16935
9171
8332
7424
7189
7533
7697
8652
7938
7217
10560
7452
7973
10544
8092
8416
8779
8741
8199
8193
9640
10954
9299
9333
7326
7758
8346
9435
27466
6570
16825
8577
9968
6491
5719
5874
10560
6286
14476
6163
8028
6337
6545
7365
8564
5891
7952
6426
6540
6506
5881
6491
6919
6625
7853
7041
7898
7471
17213
49558
7784
5959
8260
29111
6772
8142
6826
7452
7699
6798
6402
7089
6936
6683
5925
5679
6822
8219
6347
6546
6391
6967
6515
6890
15744
14869
15378
14326
19343
18086
8881
9005
6881
6342
6585
5788
8296
12600
10915
7510
7332
6888
7449
7374
7185
6471
23152
8547
13157
9782
9758
13204
7359
9645
6727
7127
6707
8309
7487
8489
11238
11013
9782
11964
13127
8971
6971
7093
6483
6021
6290
9188
6869
10162
7923
7438
6442
6463
6626
6029
15185
5994
7438
5434
9072
6947
12938
6946
6535
5476
5418
5718
5099
5805
13962
7788
5154
5380
9250
5531
7573
6658
7360
6252
6388
6461
6169
5939
6257
5905
6545
6908
6582
8966
9479
10959
6204
7337
5925
6341
6550
41568
31177
7331
7867
6942
6570
7378
6894
6889
7923
7781
7573
11733
8088
6978
6883
7245
10564
7179
8613
8388
6947
7199
7467
9045
8257
7137
8572
7511
7324
27233
13328
7878
7746
8532
9537
12459
7865
8616
6846
6934
6653
15686
15747
18468
20530
17306
14994
10648
5513
7106
6176
6197
9203
10085
9544
6498
6656
6993
7243
6989
6886
7199
6981
6797
6800
6440
10082
8872
10127
7893
6616
8257
9101
6750
6299
6788
5939
5849
9396
10893
6237
10951
5696
12124
5573
5254
5260
5595
5887
5625
6263
5786
5457
5778
7266
12200
6019
6859
6988
6123
8024
5980
5823
6035
7010
12693
7839
8581
8164
7098
13433
7031
9949
7233
7555
7666
8109
8884
7276
7939
9748
7612
7540
6697
7560
7010
7826
7970
23488
7939
7847
10106
7983
9117
8148
6779
7159
8051
6740
7285
6779
7181
6726
8296
7732
9524
9002
6757
6717
6660
7236
6981
7020
6811
7529
11962
8240
8221
9183
6776
9962
6991
7089
6733
6657
7730
15012
8309
8062
9929
10018
11171
7514
6577
7221
6757
7161
6612
7112
7000
9321
28073
7833
10617
7491
15194
17467
15625
19342
22100
15902
15370
6034
12515
8658
6554
5329
6711
7142
5868
5539
5873
5994
5803
6468
5780
6880
6307
5863
6417
7470
7463
7463
10967
6770
10649
7368
7360
7809
16810
8511
7750
7344
7609
9428
9583
6539
7999
8394
6792
8989
9155
6834
9632
7130
6859
7319
6874
9177
11353
9725
8049
7037
7726
6623
6813
7666
7226
9022
9629
7828
6792
8939
7493
9415
24381
15380
11865
7288
9254
10191
7583
8664
15132
6758
6543
7415
7219
6406
7385
29181
9131
40311
51682
36195
8064
8214
7436
6881
7936
7819
10426
7149
10721
9002
7057
6833
6975
8044
7631
7134
8432
7214
8776
11069
7719
6801
7299
6518
6781
10029
7954
7777
6384
7884
6994
6495
7467
7483
6387
5629
5900
5595
6267
33174
5662
6134
6851
5890
7072
28959
7243
6359
6141
6310
5993
6725
6543
6811
6007
6186
7208
7470
6565
8602
6764
5795
6006
5464
7295
5680
5608
14047
14571
19741
20427
15057
16347
15774
6939
5985
5972
6901
8681
7826
6101
5545
7103
6635
6416
5896
5482
6023
5844
5386
6397
5130
16989
7952
7715
7135
6360
9305
6331
5965
10877
5283
6413
13605
6012
21828
10462
7458
9690
5663
5197
7780
6430
5723
5858
7522
5489
7368
8642
7377
20649
7213
5847
5928
6712
7342
6075
7147
5962
6168
7487
13600
6334
10501
5880
6578
5390
5672
5859
5958
5529
5718
5588
5880
6692
7423
7795
6539
6871
6648
5921
6325
6090
8018
8503
5662
5864
5328
5803
5764
5408
5088
8887
7889
7038
6100
7308
8451
5828
5623
12395
5327
6417
5915
25849
6033
6343
5242
5444
6584
5943
13037
9217
8748
6457
8262
5418
11163
5735
5901
5820
5579
5462
5617
5942
6140
8896
6993
10007
43200
9341
6113
7932
17281
8964
7808
6167
6142
7712
7671
8115
6190
6871
6654
6692
7337
6368
6559
6855
5869
7069
6658
5834
6133
8192
7971
13407
8422
6524
8059
7246
8719
7920
8084
9134
7618
9477
7883
7461
6556
7443
6736
11236
6840
6845
6892
7684
7025
7980
28291
15635
17133
19531
15366
15028
9022
6978
10639
6299
6684
6562
6785
5772
5827
6174
5929
7265
7390
7479
9524
7944
12073
6463
5953
5755
6707
6996
7111
5747
16754
5646
6474
11128
7888
7724
6613
8263
5876
5987
6022
5953
5738
5341
6545
11030
7047
7280
8329
5271
8803
24069
5961
6260
5917
7654
24656
8429
9028
11175
6745
6387
6941
6826
7256
6707
7527
8671
7064
7937
9047
9085
13259
23783
25500
8220
8494
7518
7609
9832
10655
7366
7415
7189
8123
8687
7034
7772
6833
6776
8114
9336
25881
35741
11266
7298
6343
8149
10328
10972
5486
6770
6685
6417
6612
6103
6457
6873
6984
6449
5795
7184
7556
8554
11910
9946
30882
7341
9869
10262
11733
7517
6509
8677
7570
6273
15685
8429
8357
6752
7588
6943
5967
6366
7997
5642
9164
6265
5910
23967
6084
6002
5571
6750
6005
6914
8879
8341
6853
19219
15564
20440
16047
19617
16628
15798
7006
6926
7425
7439
7010
7464
7376
7637
7581
9045
17657
7676
9006
8138
8019
7921
8540
7147
7892
6997
9563
7453
9367
7717
6853
7992
6831
10514
8063
10523
8586
8777
11182
7329
9878
8587
8688
7550
8376
7062
7079
8062
8654
8115
11792
8114
10869
7687
8331
7414
8079
7090
7388
8045
7537
9288
7115
9081
7568
9199
6788
6589
7240
6976
6591
6561
6582
7236
6751
7160
8303
8477
7126
7154
6453
6607
6269
6713
7029
8577
8520
6695
6801
28021
93746
130404
131341
130800
7353
11740
8514
8293
7975
96601
6890
6983
15165
24651
108765
133751
21177
7161
6356
7987
95167
88656
7580
8733
7592
8493
7623
7680
10418
9247
21331
7350
7397
27983
8656
7876
8100
8806
11470
10582
8321
8795
8452
7910
6685
8148
6910
7172
7201
8057
7527
9209
11869
8324
8427
7394
7415
6845
8122
7814
7160
8789
11604
8600
6892
8791
8468
9738
8687
9423
7373
13418
8926
7442
9457
7504
12117
7718
9164
10015
11878
7976
8428
7722
7931
20751
11095
9889
26057
7697
7200
7856
7771
9195
7036
6910
7997
10683
7426
7036
7207
8641
7086
7974
8992
6708
8321
7394
7748
13518
11316
6642
6388
9635
6134
5545
6352
5503
5627
23202
5939
5910
7186
6868
6237
7371
7019
6642
7038
7746
7163
7243
9769
9108
6849
10453
7004
7563
6612
5982
6234
8600
7277
8100
13105
8405
7138
8340
6152
7348
6819
6963
6503
6435
6934
6265
7152
7514
6968
9106
8085
5846
6965
7342
17593
15977
15678
18375
20200
20913
15935
7507
9540
8293
8541
29100
9443
8143
7058
7828
7973
7671
11328
7799
8040
6669
7311
7156
8963
10589
8141
7091
6997
6987
8861
7117
8975
6792
7128
9895
8994
15334
7808
7824
6967
6927
7186
8293
10786
7454
7074
38747
15522
11261
7405
7622
8198
8072
8316
10135
7476
7218
7843
6531
6047
5997
7496
8917
7453
14078
5855
7402
9890
8033
11628
6053
9308
7443
7303
8147
7195
8560
10281
7298
11556
6990
6415
6946
6015
5914
6053
5845
5909
5858
16327
6917
5995
6079
26878
5998
13926
6269
10883
6818
7187
6587
6211
6171
8815
7657
6672
7539
6507
8442
6448
6888
7626
12335
6655
6623
6417
6245
7129
7119
6585
6160
6258
6648
6765
7109
9706
7932
8416
7008
6856
7028
7968
7628
6697
6331
6470
16492
7503
6657
8072
12217
8323
7480
8721
7882
8021
12397
11320
7161
7489
11945
8524
7198
20160
12568
6744
18002
38158
21808
19250
19384
20449
17730
7808
7739
7279
8259
7866
8023
7158
8064
7676
18598
6862
7991
6836
7458
7093
6571
8443
5739
10267
5359
5931
5713
6817
5359
5926
5251
6618
5988
6061
5553
5659
5620
9532
5804
5716
6315
6590
14415
5800
5707
6016
5892
5997
5555
5751
5945
5887
8088
8286
6010
10232
6036
6095
6316
6060
6023
6013
6149
10769
5977
5750
6580
33409
8459
7253
7027
10519
27423
7266
7199
10447
16108
7617
9347
7866
8776
9039
7507
7265
8207
16250
6859
7902
7254
7193
7578
11863
8464
11482
7519
8272
7239
10223
7671
7255
9431
7592
6955
7063
7678
8012
8427
7288
7524
6677
10994
6727
8400
7386
7915
7106
8957
7862
8372
8793
8955
9862
10371
7817
7307
6934
8435
7469
7570
42908
15736
15426
6036
5942
22826
7490
5755
6831
7145
5587
42928
6289
25539
11456
5442
5155
5232
6209
13351
8517
16534
15251
20636
15307
15161
20712
17776
16423
7673
7720
8258
6874
7090
6968
8866
9269
6981
7758
6801
7579
7791
8030
9941
8030
6648
7482
6901
9127
9262
7709
6968
6698
7067
6655
9157
7125
6726
7303
7021
7099
7987
9239
8182
9860
7640
8537
8650
7607
7337
7873
8949
9822
7344
6772
9589
6793
7837
8131
7263
11311
7854
19066
7338
7064
7924
10132
6693
7170
6822
7210
7146
6850
7214
6949
7554
7257
6679
7561
22806
12003
8862
7227
8966
8124
8139
8740
5967
6453
6652
7786
7433
6321
8397
5939
6698
7005
7953
6353
21807
14960
7259
8108
7915
6960
7028
6953
8197
7875
7393
9665
8645
7145
7177
17145
6590
7320
6545
7495
7010
6857
9027
9059
6621
7011
7003
6923
7616
7455
7672
7547
8332
33721
9359
7497
8267
9180
11807
12617
8700
8219
7263
19187
17180
16485
20760
18411
16010
16010
7178
6795
7114
6949
7828
9592
8521
8194
7885
6952
24055
6812
7324
8188
7755
9057
9827
11228
7389
7193
7937
8752
7361
6745
7152
7003
7372
7559
6869
9330
7280
7595
7282
8029
9653
6669
6746
7819
7459
8087
7015
10188
8670
12302
6760
9790
6445
6240
6111
7226
6759
7204
7966
8335
8288
9678
17043
6473
6234
6405
7058
8960
7071
6236
7523
8564
8393
7791
6544
7627
6881
7186
8573
7851
6820
6612
33826
11667
7976
7038
7605
6910
9653
6997
8545
8685
6612
7056
6028
6303
6781
7803
8156
7224
7324
7010
6886
7284
6700
7532
7783
6851
7838
10080
8950
7267
11649
6634
7644
10358
9045
6700
7109
8158
6900
16047
9753
9442
8382
8386
8249
9102
7446
6914
6780
6796
7292
34052
7307
9209
7687
8343
6876
7693
7153
8346
7484
9780
12439
8406
7215
8675
8206
23814
7603
7618
8327
20417
22677
16280
19714
65739
20074
17501
7562
7334
7959
9884
10578
7123
7568
13292
7264
7089
7202
22133
9359
10419
10858
13553
8054
8116
22166
7465
8464
8144
8492
10382
8492
27391
16269
12299
18781
6609
6151
8743
7072
6413
7588
7005
6138
6183
6402
5752
5991
6680
11621
7802
7543
12087
7122
11087
6808
7648
7926
8604
8953
7793
8580
8216
7398
7163
10326
6782
24043
13416
9438
13339
33857
15345
8653
6834
6783
6946
6566
7542
6249
10739
7604
15621
11698
10267
6817
6721
7075
6823
6992
8628
6394
7350
7463
17219
6927
9581
7115
35144
7605
11086
7530
7797
23894
7183
7900
7765
7588
7706
8031
7825
8763
7241
7076
10425
7692
8934
7159
15711
7112
6863
6786
7468
7442
6437
7716
7586
8474
8046
11498
9750
7646
6436
7897
9886
6822
6298
7182
6840
9196
6868
11534
7303
6938
6552
6683
8511
6352
15263
17336
19319
16995
19807
16992
15984
7834
8531
7749
7190
7330
6556
6607
6531
6633
7049
7326
11936
6282
7639
6570
9682
8832
17538
7756
7974
7229
6889
7283
7161
9046
6540
9217
10266
6732
10465
7553
8187
7482
8370
11136
7335
6938
7198
7348
7726
9311
7461
6714
7281
6950
7047
7041
7529
8690
8090
7327
6926
8666
9990
7128
20382
7637
7763
7625
7842
22515
7602
7355
10199
12223
8152
6432
7167
7707
6532
7267
6400
6964
7397
8432
7998
7589
6489
9645
7310
6722
6419
6744
6608
6923
6751
7086
7533
7135
29037
7085
8914
9358
7461
7093
6969
7019
7212
7257
9633
12129
7006
10908
8736
6935
8967
6765
6638
6462
6575
6269
7540
12036
7575
6304
6944
8893
8134
6588
7396
6681
7371
6523
6346
6495
9088
8023
7449
7015
8258
5946
7035
6731
7897
5958
6297
8346
6590
6969
7344
6789
9194
6698
9025
6936
7064
6873
7310
6825
7202
15965
16050
20374
21766
15908
16460
16401
8696
7113
11012
8401
9726
7671
7230
6807
7509
8501
16125
6758
7161
10281
8754
7747
8428
7216
8144
8296
6238
6225
6605
9208
6042
6954
6172
6721
7880
5386
5768
5503
5820
5408
6698
9277
6685
6039
6906
8013
7135
6052
7926
7107
6439
8522
6696
6230
7770
7443
6773
19246
12021
7190
9244
10524
9248
6749
12303
7144
23386
7972
7545
10510
10139
7583
9488
6402
6304
18836
14681
7090
8071
11234
24713
10628
8743
29682
9230
8616
25347
7782
7986
15521
7421
7060
7761
7697
7867
8400
10363
7788
7079
7681
8609
7857
8056
6885
7973
7989
7030
8244
7653
7197
7156
11341
6680
8759
7444
6931
8256
7508
7018
7718
24082
11487
9331
11324
10665
8531
6950
7438
6903
7653
8097
8708
16856
11209
15047
21314
12594
6843
7294
10536
5373
9759
7985
6265
12759
7055
5745
9082
5803
7319
6126
6245
14891
18427
23686
17427
33758
16039
18474
13024
7175
7134
7929
9270
9146
8681
7861
7166
7518
8234
9986
10573
8310
7410
7619
8117
9871
7752
9284
8148
7483
7006
9357
12395
6991
7063
6685
6512
6593
7041
8092
6901
7049
6874
6526
13068
8082
7423
7601
6160
6889
8012
6429
7018
7472
6933
7211
7851
9760
6528
11015
7167
9076
7566
6932
6771
6874
7171
6542
8790
34000
6913
9625
7767
10796
7376
8189
10304
10386
7817
15166
7883
8280
7828
6922
7498
10606
7648
6862
8658
7283
9631
7676
6763
6388
7664
6407
7059
8611
5882
6160
5486
6463
5484
6190
6533
5922
9138
9212
6582
6345
7409
7393
22560
11054
6204
6487
7848
8733
8317
10375
16983
8075
9500
7676
8238
