551654
7738
7928
8030
11071
6564
7093
7091
7080
8224
7832
7030
7918
6808
7915
6600
21326
6987
8219
8043
22634
15007
9845
9036
11846
17445
35691
21210
22662
16440
17286
15721
9746
7192
7585
7098
8453
8432
7823
7225
7233
7524
8177
7437
7178
12634
6016
8601
8142
7850
7970
7419
8935
13233
7647
7176
7671
10060
6915
11102
7792
6947
7249
8143
6860
7488
7994
8861
10673
9801
6925
8858
7012
8341
7380
6311
7292
7395
7360
7897
14257
6617
11335
6745
10179
27925
7641
8180
8375
7710
7059
7058
9258
8207
11148
7400
6770
7099
6994
7494
7750
7766
7070
7878
7520
10229
10652
8226
8691
7666
9889
8205
39343
9721
8204
10249
6999
30302
7933
9052
7608
8635
7600
10154
10663
21275
13318
8229
6686
5620
6434
5496
8566
11248
6096
7362
6227
5903
5578
5705
6254
5548
6284
5752
5805
6563
7066
7109
7497
7489
6429
6556
6919
8264
7363
7285
40156
6516
7894
9421
9471
8328
10105
7460
8288
8753
7787
6884
7549
8009
21181
20477
16488
16694
17812
18177
17713
7761
7355
7299
8565
8376
10393
9570
8225
8181
8780
10586
15463
14488
13284
7803
12769
12885
8937
14046
9460
8896
7443
8873
12379
24519
7800
6360
8655
11361
7068
7116
6698
6454
7460
11857
7001
6655
6516
6518
6795
7202
9209
7490
7369
6837
6498
7223
7071
6794
6517
6417
11697
6950
7060
6218
10041
7854
10730
6233
6651
8282
6001
6091
8152
5662
5347
5357
5900
5613
7017
7430
6190
6800
5977
6324
7161
18694
6016
6123
6537
7341
32602
11831
8081
7635
7448
21462
22828
10559
8896
6878
6696
7613
8235
8034
7313
6837
7145
7632
6878
6894
6675
6851
8752
10180
8453
9812
7040
6825
7188
8938
8268
8230
7111
7079
9437
7518
7400
8510
7862
7886
7568
7240
9138
9032
7088
7355
8592
10980
11005
7082
6849
7505
11966
8093
7824
7881
11540
8047
11590
7167
11578
7466
8417
6675
6911
7987
8717
17802
17432
23227
16933
17288
19226
22486
11306
9976
9710
8445
7363
7050
7090
7698
8991
7671
6690
9110
7520
6983
21260
9683
5556
5339
5776
6494
5961
6041
6175
6162
8452
9776
6695
11932
6068
5861
10179
6881
6880
17728
7982
29361
8717
21724
10779
7032
7467
6589
6974
26743
7981
7029
6138
8760
7177
6424
7058
6490
7714
6393
6610
7123
8573
9133
6955
8186
8258
29133
6555
10098
7090
6880
7957
7865
7204
7114
8641
7344
6446
7218
6707
7051
7091
6602
6795
6640
9766
7313
6930
7562
8170
6996
6998
7004
7834
23582
7557
8440
10547
8765
7669
8318
8358
7299
7413
7449
25935
26194
13781
8025
9926
7753
7814
8496
8262
7431
7248
7675
10764
8069
7530
7309
6780
7372
7083
9158
7457
7264
7298
6848
7805
7911
8083
8338
6056
7127
5796
12179
5674
8157
5782
5399
6344
5230
5921
6519
9077
5388
15746
5924
6037
5649
6611
14811
17503
16424
34432
15902
7129
6900
7469
7438
6886
8888
6448
11922
6762
8797
7624
7110
6752
10117
6622
6797
7627
7159
6846
8181
6761
8579
6962
7219
6266
6677
6239
6562
7068
7376
10048
7174
7186
7268
11286
6250
8709
6707
6789
9062
6990
7095
7484
10745
8850
7563
7759
10327
14771
6831
5586
6030
6993
5944
5504
8659
7159
7173
7311
33163
8231
7377
9225
6371
7503
7321
7391
7413
6075
24220
11287
47420
20541
6972
44844
43458
26270
8084
7723
5724
5439
5321
5141
6695
5784
5587
5628
8363
5340
5903
6158
6217
9400
22038
8813
9087
7883
5562
7059
10053
18040
8799
11646
13819
8035
9597
6279
5725
6999
6009
8089
8399
9727
5625
11106
7974
10247
7017
7031
8027
7654
20320
7427
7461
7404
11837
8902
6126
6747
6336
6994
5783
6016
6376
7203
6804
8151
7441
7739
10383
7775
8919
8215
9255
8143
7602
18150
16264
20342
21447
16935
15951
19756
8253
6712
9272
11016
8222
8521
6645
6567
7858
7805
6871
6322
6782
6287
6835
8591
13312
6792
7231
7019
6458
7849
7294
6376
7095
8067
6782
7954
9931
8036
11409
7608
6311
27369
6185
6078
12338
6269
5861
8177
5757
7259
8430
5358
5611
6215
5504
5270
5983
5916
5960
6653
6213
9521
8859
11294
8616
6245
6674
6183
8321
7515
10061
5590
5677
5697
6235
6689
8960
8527
7484
6509
6324
6666
6662
8606
6839
8093
7236
8220
6097
5831
7083
7215
7113
6524
5914
6514
6948
6216
6618
6559
8887
6401
6447
7214
6223
8762
8693
7981
6405
8293
8732
8337
7277
8661
8210
8653
6986
7468
8109
8050
10978
7593
7051
6644
6404
6770
6660
7281
5934
12360
6368
5492
8522
6313
13621
6072
5426
6052
5801
5869
6113
6293
6277
6457
6531
7907
9352
9034
6500
8177
7073
8484
5971
7397
7984
12178
7202
7573
7669
17230
21165
15872
16728
15106
16599
19716
8898
6979
6258
6297
6794
6362
5953
5200
5703
5179
5562
6666
5355
6354
7554
6190
6306
6266
6249
6512
7364
6621
26203
7914
8605
6531
7317
5228
5273
11315
12885
7459
7797
8127
8441
5590
7744
27875
67051
7153
7611
8315
9438
7214
9004
6777
7352
7061
6680
6760
6757
6589
10011
6306
7179
7012
12846
10789
8666
10248
6901
7276
6193
5578
5708
6682
7195
7138
7167
7790
6057
8899
6187
8233
6578
6870
6566
7149
7346
6480
7549
8453
8343
8399
5853
6212
5969
6491
6218
5867
6227
6041
6212
13754
8270
7546
6126
8561
11577
6640
8856
7436
8569
7238
6270
6814
8375
6626
6937
6464
8947
6305
9809
7559
7443
6997
6614
5851
6419
14621
7284
7423
7298
10280
7056
6657
5595
6494
5257
5727
5655
7050
5340
5238
5694
5445
6844
6436
5312
6116
7732
6116
12621
13530
14773
18326
39802
309977
12432
10222
31449
8856
13357
8990
10791
8888
9858
9445
8712
6926
8625
6446
8380
8771
7255
7431
9319
8302
7758
7738
8931
11212
6506
12406
8039
12656
6953
6618
10470
7605
8552
6841
6612
7160
6635
6708
6624
7605
10149
6595
7233
9023
8082
7043
6381
5915
6027
6366
6203
17973
7629
7993
6205
5826
7829
9049
8442
6990
6645
6568
7122
9683
6460
8796
6601
6883
6960
6772
10385
13066
6524
15217
358668
8364
13275
9850
6791
7262
7510
6955
7795
8547
7469
7044
11295
8515
7618
7607
10187
13718
7743
6754
6862
6427
7136
6711
7904
8599
13181
7155
11046
6805
6082
6657
8247
6089
6697
6997
7444
8169
29587
9606
8346
8234
10522
7286
6193
6861
6279
6745
9860
8280
9636
8294
7297
7294
7406
9145
9600
7792
6420
7353
8391
7364
21152
17017
15276
14098
14379
15010
20375
12241
6883
6685
8577
7582
7122
9860
6234
7492
7263
6318
7335
10229
8684
6489
7554
8246
6865
5999
6878
6556
6200
6949
6215
7556
8386
8337
7210
8703
9591
38604
6529
8158
6538
5680
8159
6615
10666
6938
7257
8767
6541
6822
16475
8170
8493
7768
7781
6337
12988
7231
8563
6231
7031
6716
8359
8628
7432
6780
8745
7596
6442
8519
7548
8889
6511
6799
7664
6905
7111
7168
6016
6770
9552
8403
6146
7236
9968
24510
6633
7440
7082
8251
7932
8173
8554
6704
23470
22764
8500
53994
8101
9870
7576
8670
7122
7031
9277
5882
6016
6177
6910
7979
11216
7148
5851
28367
7331
9616
6649
6602
6570
10927
14038
6982
6096
7485
8429
6435
7216
6344
6899
6380
6030
7827
9302
7763
6534
7084
5776
7871
5674
7375
7338
8000
5564
5820
14463
18320
18588
14968
19767
5926
6287
8511
8758
7047
9713
9820
6577
6250
11314
6061
7252
6963
5962
6089
5775
6086
6389
6615
8637
6510
6645
5641
6316
5943
8665
6570
5968
5912
6084
8755
8001
6828
6637
9674
6827
9942
17413
6327
7255
5613
7290
11402
8666
8165
12308
8703
18736
8003
12073
10182
6815
6170
5496
5804
5254
5537
9613
24873
6315
6407
7100
5713
5595
6117
7441
7190
5827
7000
8063
7851
6248
7984
7075
6073
6503
6781
5835
5499
7122
6357
5751
6074
5959
6216
9540
6141
14976
6815
6600
26649
10459
10136
5771
5582
8856
6450
10404
5593
6292
6708
6590
5635
6027
5456
5801
5635
6494
28225
5855
29162
22682
60577
89788
9763
9828
9814
10278
7047
6611
7302
6549
6995
7170
7081
10246
6563
8423
7933
7967
7188
6224
5926
6399
15836
14654
18743
18506
14573
16641
15914
7087
7162
7537
11569
6718
7196
5797
6027
5820
6070
5869
6131
6509
8451
6113
6827
6814
6468
10695
7170
9476
6814
6476
7351
10506
5997
6822
6595
6448
6662
6627
5757
10343
7105
7982
6972
9403
7017
5914
6611
19551
6352
5443
5531
7125
7442
5791
6483
6466
5719
5646
5934
8522
5285
5661
5345
7266
6975
5908
8037
6317
7422
6591
24601
7118
18487
6693
9503
12242
6627
26404
5627
5205
5481
5748
5637
7185
7339
7294
7153
6789
6477
6042
9084
6806
8934
7362
6072
6047
7102
6766
7171
7220
16244
6800
9734
9580
25486
8273
7655
7068
7372
7866
6110
6808
6257
6060
9482
7431
9041
6804
48274
8013
29309
10687
7990
6756
6300
6686
6521
8047
6834
7179
6692
7158
6710
9969
7423
8111
7417
8256
6694
7507
6110
6765
9565
6300
6633
5845
6022
8178
6093
6586
8372
6870
11764
9775
6455
16329
14383
22743
21840
15684
17866
14973
5925
6005
7427
7374
5614
12627
6384
6007
6791
6426
6378
5929
16463
6162
6277
5933
9215
7721
7595
6748
7425
7172
6275
6168
6847
7507
6214
6775
6761
7093
8869
24608
7816
22770
7050
7541
6331
8890
7058
6077
9617
5483
6227
6400
6322
24251
7073
7650
8084
7611
8737
16059
9076
13259
11627
12631
7488
6155
5931
8663
25670
8885
6849
7047
7636
6745
6821
6620
6341
7191
26703
12869
7726
7166
6662
24501
6803
6431
6620
6621
6540
27748
10032
7914
7042
6896
7608
10728
7733
8407
11837
33150
7465
6627
6830
6950
6075
5857
6117
5578
5626
5711
5431
6275
7230
8006
5748
8186
5238
5473
6133
5303
5482
5304
5090
5397
5800
6082
5953
8799
6028
9170
5685
6482
6442
5897
5192
5393
7513
5196
5114
5613
5648
5527
5869
5553
6177
5544
16341
15317
5774
6688
6340
5616
5862
6100
7057
15101
16364
21775
17389
18453
21147
14692
18956
6398
8058
6666
6335
6134
7563
6603
6255
6641
5889
5968
6499
5894
12169
7613
12479
7268
6710
7298
6365
6684
18279
7165
7910
6827
10112
7135
9941
6447
7372
7530
7761
6406
8448
6298
7955
6349
5921
8270
8647
7783
7742
7164
7459
8655
7543
6681
7094
7214
6744
6678
7085
7538
9005
10540
6749
9590
6990
6389
6626
6475
7611
6500
8625
7106
6054
9402
6290
7959
7359
6891
6808
6212
5339
5662
5218
5303
6052
5253
5426
5567
5567
8650
10118
9276
6117
6266
6474
7389
6470
7566
7124
8384
6628
6902
9136
7119
6889
11380
6883
47394
6650
7383
8825
9443
6278
6828
6314
6391
6003
6915
7150
6949
6490
6571
6256
6808
7677
8037
8417
6709
7680
7488
6904
8031
7058
7020
6916
6633
6845
7251
8495
6927
8586
8485
7249
7071
14036
8020
25552
6850
5955
8365
16090
18816
15731
20877
15381
22631
21998
6470
6586
9067
7998
9005
5899
5969
9108
9738
8541
11632
9439
7553
6650
7620
6589
6946
7234
6721
7284
6930
9336
9923
7803
19252
8394
8137
9796
7555
8065
7139
6502
8538
10109
8500
14841
6226
8264
6134
6109
6216
5531
6176
6128
6262
5930
6044
7582
6859
7250
6713
6644
11120
7376
6651
6325
7450
7007
6498
27361
24454
8062
10097
9897
14612
8301
8467
8794
9635
7908
6986
7846
8976
7459
7656
8272
7851
7199
7059
8360
8953
10474
13047
7113
7328
7478
8495
7665
6444
7191
6354
6739
28267
7653
7178
7228
11620
9154
7216
6807
6978
6699
6884
7430
11020
6436
7274
6974
7381
7597
7901
7052
6767
6280
6898
7265
7219
7304
10439
5706
5441
6550
15156
7271
9473
9747
6379
6422
7182
6715
9381
8475
6521
7517
9004
6780
7544
6899
6046
6104
6419
5976
6184
8325
6021
8554
5849
6060
18712
19367
14856
15648
17197
16144
18324
6029
5851
7139
6387
6970
6157
7601
6778
6241
8660
7256
6000
5810
6154
6468
6147
6980
6589
8024
18326
9653
9210
7741
9512
10869
7602
7840
8783
6499
8107
7000
7454
7204
8622
7534
9352
8799
10163
6860
7958
7998
7536
6783
7183
10090
7155
7534
8402
8104
6681
7173
6917
11120
7057
6857
6757
7193
7375
7195
8741
7853
9071
21728
6826
6800
23296
6612
7542
8281
12325
10660
7832
10779
6118
5748
5825
5970
6030
5777
6019
6378
8941
6105
7703
7941
10404
8772
7369
6764
28413
7414
10717
7503
19905
8458
9867
8276
7518
7651
9876
11233
7770
7723
6876
6841
10515
6966
7324
106075
150539
6454
7123
7679
91688
132740
14794
7679
7759
7927
6904
170250
88311
136130
10966
8742
7884
8907
8347
319796
11242
8707
8174
8673
10762
8599
7176
8956
7236
7151
7310
7149
10415
7398
17463
18570
17624
16094
16597
18484
17909
7858
7619
7314
9087
12242
26002
23117
7420
7794
7201
7637
7080
7000
8596
8249
8177
8635
7071
8429
7976
7251
8504
7073
7640
9073
14658
7518
7415
9408
7305
7792
6765
8565
8159
8862
8012
12197
7774
15790
17284
7709
10004
8257
7703
18793
13511
6333
6065
9991
7737
22777
7191
7584
7145
6009
5837
9899
5849
6181
6669
6596
6231
6662
8864
6242
6039
6897
6166
7648
6729
6345
7875
7294
8708
6344
6726
8793
10090
12579
6633
7381
8559
6988
7979
7574
9363
10624
8823
8301
10667
9933
8490
7853
31161
7664
7576
7431
10842
10515
10069
7243
8250
8535
7232
6815
9519
7447
7034
6822
7247
9825
7101
7172
9795
6539
6772
6556
6540
7645
7000
7728
7045
6763
7270
9879
7209
8168
7093
7776
6924
6941
7218
8345
7629
8134
7295
7611
6837
8823
6795
8259
7681
7497
6873
7274
6663
6707
9274
7167
7960
19161
21204
15846
15481
17246
41007
8082
6267
8306
7137
6268
6051
5949
5848
5462
5391
5862
5880
5808
9082
5804
13588
6178
6614
5807
5887
5480
5521
5686
5280
5576
5594
6126
5777
8062
8141
5743
5711
5520
5984
9323
9788
6949
6549
7496
6628
10042
6237
9029
8964
6967
7362
9054
6972
6269
5976
7287
6474
6000
6018
5805
6128
5954
6361
10161
8487
6499
7483
6750
6718
7907
6235
7881
6598
6555
6830
6944
7781
9817
12690
8296
8051
7150
6707
8661
6899
7879
6833
6779
5863
6283
10030
6508
9953
7524
7058
6102
6088
6000
6548
6323
7004
6899
27397
7907
7747
9571
5890
6461
7159
6574
6216
6815
5931
5677
5935
7590
7235
7677
5806
5589
6857
8259
6577
6429
6764
6912
8169
7084
7498
6982
10218
8989
6842
10424
7074
6862
7606
6805
12986
6525
7302
8375
20703
7342
7166
6618
7885
9782
14190
12038
7852
17651
22176
15374
14497
14982
14664
14255
6711
7414
19889
10475
9110
9103
8256
13649
19739
10704
8730
9729
10765
6977
7457
5760
5829
14726
5617
12445
16963
11951
5700
6108
6178
6090
6420
6383
6042
6301
7512
6900
7600
8581
7245
6251
7681
6442
6766
6892
6411
6709
8463
7208
6690
7028
6925
6671
10001
7696
10874
6932
6561
7500
7991
6637
6732
7893
7079
7124
7754
7370
8392
12926
6855
10071
7066
6263
6550
7566
6414
6282
6313
8076
6911
9562
6322
7714
6287
6902
8063
7216
7494
7492
7388
10313
7368
8150
10137
7691
8510
7154
8068
26912
8074
6887
6816
9029
8525
8601
6549
6298
6826
6006
6305
6555
6754
6594
5264
5759
5279
5142
5433
5256
5112
8386
6664
5637
5564
6421
6375
5987
5184
5741
5250
6222
6803
6639
6645
6319
6038
8342
7588
7225
6721
8831
15218
7055
8348
6777
6706
7009
8498
7680
9771
16360
14590
7357
16625
15999
16442
20882
21149
15834
18488
6815
7217
6524
8303
10753
8021
8564
8081
8523
8339
7606
6875
7032
7014
7061
8043
7888
9219
21321
9053
7809
8397
10301
8078
8140
7746
17017
39817
8218
11559
28637
7877
12291
7485
7771
7800
9281
7905
6971
7703
7259
7015
9472
7804
9878
8646
11561
6814
7551
8644
7779
7430
8479
8193
6717
6358
7521
7519
7697
7750
6011
5710
5526
5536
7122
7094
5386
6554
5615
5655
5495
7134
6788
7432
7421
5882
6758
5762
6097
6831
6323
5573
5520
5948
6475
6384
5963
5866
27204
7555
8717
7778
6790
6371
7256
7399
6553
6831
6904
7203
6859
9946
6561
10367
7827
8642
6478
6609
8325
7621
8006
7502
7872
8768
7713
6710
7295
7794
7615
8292
8957
7930
8167
7867
8298
11215
12168
7071
7134
12108
6976
8865
8859
6630
7376
8892
8202
8756
10272
8343
17250
21634
16853
18496
19498
21132
21731
6978
7080
7997
7018
8029
7831
16197
7671
8119
7309
6458
7141
7239
6701
6426
13591
6643
7304
6564
9628
6815
8132
6915
6850
7396
7447
7144
7475
8375
6579
6475
6770
6384
8636
6369
6977
26224
6503
25742
5613
5481
5559
5777
8898
5765
6837
5937
9140
5901
6427
7813
5985
5825
5799
5757
5352
9070
11090
8597
14550
10929
7337
7829
7566
7522
6826
7436
7507
7303
6064
8383
5930
6843
6059
6120
7462
6623
6437
6018
6441
7069
6720
7284
6577
7137
6821
8231
10108
6533
5988
30749
9620
6768
12014
7215
15372
7882
7970
7798
7381
6942
8519
6988
9101
7855
10271
13979
10008
11183
9870
8796
8745
7894
24631
7297
8815
7552
7902
7378
6893
7026
6844
6899
7105
22482
7280
6497
8513
7290
7965
7078
6846
7134
6985
6667
6641
7006
7804
7133
6817
11011
8798
9073
7669
9093
7248
5677
14476
15195
14962
16645
16189
17425
15924
17611
7820
9666
7016
7460
16359
13897
8253
7102
6398
6425
23916
25491
8739
10719
9000
7035
8702
6526
7522
7879
6396
6625
6925
7007
7874
8774
18536
24480
7886
10128
6996
7194
8061
9777
7489
14017
8572
7008
8730
6970
9380
7013
7344
7299
25381
7436
8675
6808
8352
7577
6653
7411
6746
7175
7456
6951
6881
9298
8909
11152
6866
6850
6588
8710
6485
6553
9138
6975
7414
27863
8469
7796
7919
6999
7634
10341
8724
9060
7400
9242
7492
8878
11450
7296
6285
5979
6430
8763
7052
6349
7371
8334
6903
6963
9711
7840
11057
9150
10397
6888
7682
5950
6141
5542
6183
5175
5462
7771
7207
5719
8589
6257
5159
5971
6499
6796
9694
9112
6002
7486
6729
8156
27494
6540
20539
8774
6966
6960
8733
8446
7000
11053
6681
9083
7189
7298
7327
8363
7211
7601
7316
8732
8087
6968
9173
7916
6344
16004
16813
25287
24330
23665
16442
16241
9021
8155
8577
8347
8760
10566
11710
9551
7392
6827
7022
7941
12343
7709
7312
7714
7027
9865
7496
7473
10762
11885
7469
8237
12177
17987
7634
10353
10272
10628
7496
7499
7983
8602
8108
8212
7521
8014
7962
10159
8604
7250
11193
7502
7207
7379
9315
8749
6959
6169
9997
8295
8034
11050
6525
6005
5455
33401
6012
5163
5278
5946
9119
8265
12012
6076
6257
6133
6927
5816
12310
7596
7329
7821
9572
10609
37275
8542
11437
8200
7930
7507
7748
8560
9093
12315
7656
7060
7975
8291
7464
8545
7586
6952
6857
7078
12523
7405
7012
7297
8441
7280
7127
8027
7647
7083
8644
7366
8241
8846
7911
11816
6788
28388
7955
8006
7280
8167
8033
9903
7814
8896
7919
7445
7787
8432
10983
8635
8448
7546
7737
10545
20279
7870
11043
8168
8675
8631
8372
9356
7766
9577
6578
11519
7658
7926
9906
7185
19961
15689
18623
20916
15762
16178
15058
9855
8482
9674
8672
8095
8646
6236
6042
7077
6895
7095
6259
7233
6667
6628
6418
6328
10252
6464
8111
6753
6159
5743
6315
6784
6670
6178
7961
6637
15237
8400
9033
6936
5893
6284
6645
7915
7647
24560
7418
30282
8095
6754
8307
6034
7828
7611
15580
6629
6782
9416
9425
11179
6681
7660
8829
8785
7464
7157
7011
6549
6736
6979
7342
7962
7630
6592
6403
6675
6674
6677
8658
16414
6639
6638
7422
7086
11361
8534
11191
7966
8215
7729
7093
7592
7199
7014
7199
7042
8179
9898
7059
9450
10169
7381
7940
7546
32541
9829
7786
8978
9101
7984
6792
6827
6926
7055
7532
7240
7025
10240
7084
7877
10227
10379
8461
15665
12637
5423
14759
5686
7186
5816
6076
7092
5522
9423
5528
5772
5300
5389
5039
7905
5376
4943
7617
6118
6477
14451
9223
26231
6777
18810
34829
12947
15465
13669
8530
10326
7421
8332
8171
7755
7260
9207
7277
6963
7589
9804
17689
15638
6053
9210
7418
7868
14233
7635
7466
7846
8804
10919
7779
8467
8624
7544
7588
8575
9015
8626
7424
7733
34148
7060
9072
8027
6221
8543
7972
14117
8474
7990
6372
6772
10630
7035
9473
6863
6727
7193
11264
7676
10083
7327
7426
8075
6691
7552
7231
8662
7245
7844
6204
9913
7547
11212
7366
6523
6130
5741
7280
5698
6132
5908
5928
6359
5827
7076
9849
7444
8734
6011
6231
6335
6554
13608
6982
5601
6177
5274
5299
5913
7365
5522
8306
7718
6058
6167
5660
6259
5632
5756
6143
17739
10188
7778
7842
6035
5447
5174
7261
18457
7368
6345
5441
9393
6238
6131
6708
8495
5829
16006
6852
8694
8178
6685
7243
6656
6027
6298
7630
6593
9404
7149
6449
7436
6476
7138
7304
7272
9452
6995
7541
6662
15441
20229
16559
16038
17387
20116
19909
8414
8992
6854
7533
6856
7277
9451
7187
6059
5804
6516
6123
6756
8035
6080
5524
9379
5780
6229
6741
6210
6376
6217
5855
6291
8026
7522
8005
10893
9197
8018
6870
6932
8249
6699
7034
6639
9124
6344
31887
9995
7855
9173
7776
7631
7656
7184
8530
7247
7708
10380
13833
6661
6203
9953
5981
5923
5760
5455
5365
5313
6701
5562
5184
25622
5918
5779
5406
17223
12644
14368
6924
7600
6050
8128
7847
287009
9923
10543
7719
7618
7382
9247
10931
7851
6323
13511
8085
8103
10053
8916
8927
7651
6939
8638
11729
7759
6462
7338
6866
9945
7069
9826
7268
7818
9451
6512
8119
10604
7402
7888
8227
8645
6981
7774
10242
9299
7794
42218
8281
7252
6993
10378
8680
6840
9728
8771
7350
7743
10536
6173
7375
8941
7711
6721
9973
6460
9702
6962
7223
7303
9181
6621
8562
7132
9148
6864
7228
20904
22566
44659
112142
20025
21771
16108
9826
7422
8968
7460
7898
7063
7089
10124
10162
10690
6559
6894
6714
8285
9379
8574
9087
7295
27088
93038
8550
14053
7361
23297
8003
8877
6794
6992
8060
9128
13040
8636
6624
7209
7847
8123
7158
7056
9088
6751
7142
30633
8008
9939
6968
7004
6937
9716
7960
26431
6844
7613
7917
6766
6915
7548
7138
9100
22290
7115
7323
10263
9823
9998
7226
7271
6837
6848
7872
6588
6997
12889
13282
6640
7336
6933
6377
6446
7997
9515
6056
17199
7131
7177
7926
7731
6907
8770
7070
6350
7154
7080
7546
6309
7903
6630
6595
7453
9502
10049
11797
6946
7391
6965
6984
7190
8641
8263
7653
47535
8759
7845
8100
7998
7760
8453
8154
7907
7697
10242
11204
7955
7313
8899
7585
7855
7528
7699
7602
7638
7286
9446
8166
10471
7232
7873
7903
8127
8003
7232
6868
6847
6986
7113
9116
8974
8350
6892
15280
18320
16742
25415
16549
18623
15285
7764
7225
10130
6704
8645
7665
13712
7039
10108
6111
23859
7866
7479
7340
7141
7008
8300
7877
6428
9304
6856
6934
7896
7189
7285
19168
7338
7122
9335
7078
7549
10938
6910
18337
8023
6397
22826
6069
5934
9189
6412
6889
7144
6576
7492
7023
6372
6580
6698
6167
7493
7875
7291
7532
18072
8224
14179
6742
7918
14619
8029
7343
6949
8326
8081
8180
9911
8312
7980
8263
7369
7720
7274
8182
6612
6961
7397
7780
7117
8056
9567
7702
8995
8087
6609
6892
7171
8835
8103
7624
8704
8583
6870
7423
8196
33933
12750
11574
9282
6955
8292
10276
10347
7353
7260
7402
10348
9318
7562
7544
9994
6847
10467
6484
6959
6747
9306
8302
6951
6501
7006
8195
6878
14709
6996
11413
6682
6541
6400
8224
7006
7339
6660
8473
6332
6610
8231
8312
6799
6922
6302
6677
6341
6131
6093
26053
8532
7004
27050
7680
53997
15750
19737
20760
18417
16522
16430
8215
7428
8482
16592
7743
8231
7287
7571
7062
7343
7003
7391
7644
9216
8455
8310
7416
11035
7798
6601
8570
6889
6311
6809
7243
7502
10368
9134
10871
9710
7104
6776
7236
7994
7061
7176
7059
7455
7360
7447
9623
9249
7719
9191
7406
8673
14178
7229
9121
7966
7079
10230
7965
8187
7303
6608
7968
11172
7709
6823
7783
6932
8842
8309
8635
8129
6846
7873
6624
6573
6366
7408
22825
7023
27287
7539
6843
7152
6938
6935
6956
6795
6368
6883
6648
8248
6848
12236
7169
8249
7650
8257
7370
7987
9210
8327
10596
8109
8506
10658
6865
7515
8180
9336
7540
7876
9049
7611
7454
7491
8804
9951
8607
9301
7384
7721
8092
7924
7664
7259
7124
6594
6983
7896
8719
9894
7735
6392
6849
7000
7430
9957
6762
7086
6334
10563
10238
11975
7005
7040
6940
7456
7658
6393
8785
7075
6699
6565
7001
6679
17148
20063
14577
15617
21335
14387
18754
5925
6169
5929
5709
8257
6415
6465
7999
5859
6267
6756
7519
6264
7106
7469
6445
6601
5569
6156
5747
6736
9116
7487
7089
7054
6653
6940
6908
8885
11403
8198
7891
6616
7434
6797
6144
6031
7973
6136
6390
6616
5740
7317
6987
5785
9525
5940
6687
5644
6472
6942
5871
6148
6207
6018
6765
12579
9623
8509
7585
8759
7967
8793
12892
7324
20048
7865
8004
8583
13813
7470
9351
32692
7887
7011
7490
8984
8169
7730
8759
7075
6915
6405
6801
7940
6887
7570
6632
7105
7096
7943
8873
7075
8041
7018
7002
7514
6411
12537
7282
6747
7522
8901
7499
8626
6579
7081
6788
7189
6783
8225
7477
6897
7599
8989
6922
6906
9284
22292
27633
7995
22139
9017
8793
6965
8123
7296
8033
8259
6662
7177
7115
6907
6813
7313
7117
6748
8077
8654
11633
7363
7635
7501
10697
8782
7695
11014
9391
7547
31656
16459
24922
17195
16625
21288
17393
7004
7188
8993
6625
6847
26761
7625
7822
11871
7006
23503
7218
7165
6868
7422
11721
27063
8304
8386
31332
9965
8264
9431
12533
9445
6805
8822
8718
7610
7321
8107
7554
7815
7343
6966
7939
8659
12784
7667
10505
6944
7653
7539
9186
8214
7800
61642
7985
6711
9388
7887
7256
6592
6362
11029
6656
8451
7473
6426
6895
8504
6603
7155
7084
7911
6605
8769
6958
7670
5382
8136
8537
6172
6188
6000
6755
6414
5623
7233
7465
6613
7005
23715
6469
6855
6305
8777
5859
5851
33375
6144
18711
28235
7845
6310
5642
6019
7812
11656
5451
7240
7968
7480
8179
7192
6776
6330
6964
6170
7422
6702
5642
5869
5689
7715
6172
8177
6330
6663
6885
5681
5425
7045
7724
5816
5530
16518
6348
5859
5673
6406
7019
5796
8693
8173
6081
5837
7093
7295
6889
6797
6640
6634
6816
6347
7487
7192
5815
18953
14181
15009
16133
15039
19280
19484
14639
8517
12022
7188
7573
7068
6141
8711
8390
8047
7865
7936
7416
15148
7853
7063
7989
7168
7446
11012
9002
7996
8411
9920
15432
7261
8872
7942
23453
8527
5792
6624
8401
8346
29298
8683
9961
7771
7073
7861
9356
8916
7477
9865
9820
7504
7663
7156
8684
6843
28792
10145
6889
8349
11560
6204
24166
32089
7138
14019
6300
5878
8196
6647
7111
25780
6924
10526
6341
11362
9058
6254
6721
15086
6728
6407
7162
6092
6473
6768
10550
5735
6913
7059
6070
6423
5947
13484
6291
7417
7010
8182
9143
7624
9075
9172
11947
7290
7582
7555
7057
7497
9355
7890
8266
8520
10046
16368
7983
8487
8111
7989
8144
7982
8066
7595
8498
9877
8229
8646
8100
7899
7278
7699
8402
8448
9165
7575
10305
10320
7961
6090
6558
7031
7897
8106
5796
6530
6841
6336
6823
7203
7678
9513
8732
12316
17360
18662
18547
16569
17856
19606
10113
12113
6361
6106
6577
6553
7718
6236
8580
8865
6759
10658
8050
7252
9773
8180
7628
7704
6285
6531
27967
7848
9869
8316
8448
7636
10372
20126
6982
8714
7329
9116
9648
9072
8769
7214
7114
8028
8187
8119
6984
6593
7676
8449
6643
7386
7889
6756
9089
7857
7845
7021
8773
8383
7820
9633
9505
9805
7463
6663
7092
7256
6985
7221
9491
7534
7846
9444
12149
14399
8729
9475
10823
13793
8193
9137
10681
9615
25934
7863
10320
7569
8859
9591
8682
7974
9238
8194
10704
24108
7696
8443
9183
15971
8431
46586
7003
7021
6962
7053
6935
7253
7374
7587
10079
10196
8728
8095
6297
6992
6840
7721
6395
7045
8846
8995
7614
7706
9924
8536
8299
7778
6939
7021
7034
6913
7099
10255
6748
6897
7033
8509
8613
8116
7821
6934
6688
7390
22979
7020
6756
6822
21337
20279
18068
16695
17862
17593
18441
6813
8063
7753
29482
10482
7157
7247
8933
7761
8483
7396
7424
6966
7741
7833
7393
7539
7503
7198
7372
7617
12149
7301
8159
14609
8317
7822
10168
11114
8756
7458
10888
7625
10013
6678
6532
6994
6774
7084
7781
9188
6735
6385
8303
8210
10380
7937
6518
7370
7638
6564
7460
7081
7005
6913
8446
7007
6650
9778
8085
7454
10734
7165
8077
7088
7951
10261
7576
6809
6987
7319
8804
9535
10720
6828
7049
7753
6998
7314
8034
7368
6824
11059
7556
11455
6811
18057
7122
6693
8798
7563
6864
6803
7992
7306
6736
9623
9349
6734
13620
7386
8124
8349
7635
7057
6688
6560
6699
9005
9143
8011
8006
7000
6777
10075
8879
10686
7836
7973
7948
10848
8414
8310
6912
7331
8022
9538
10220
7895
6958
8387
27814
25707
7637
10936
7704
23819
6799
8612
9777
6889
8356
7124
8524
8056
17196
6763
7111
6952
38677
16065
18720
21582
15881
19091
18838
5891
6783
8487
5518
5839
5480
5789
5695
5627
5551
5944
7468
7493
6717
8484
26624
6585
6355
6974
7889
7996
7148
6810
8826
6440
6628
6904
6657
7363
7122
7205
5945
6255
6112
6897
6534
6560
7822
8531
6085
6074
6900
6824
8099
7300
6240
6373
6785
7164
6686
7550
9355
14459
6069
6230
7514
6808
5380
6525
5666
6016
6081
5976
8811
6238
6056
10548
8245
6704
6322
7147
6889
6509
7623
6175
6593
16005
6047
6090
6333
7014
8481
5920
10559
7193
7097
7273
7070
6746
7596
8688
6425
7235
7942
9969
6783
6933
7951
6897
7291
7781
8665
7929
7700
6726
6680
6410
7727
8251
9609
7411
6393
7276
6464
6594
8627
6801
7880
7403
7705
7103
9602
6680
8842
6740
7738
6449
6899
6982
14354
7027
7209
6807
6693
10158
7225
13327
7676
6376
7938
7279
22357
17575
19530
19270
34286
16518
19894
40345
5630
5443
5607
5435
5154
13801
5943
7107
7728
7420
6615
8404
6467
5660
6265
5972
5928
7274
9091
6313
10512
7320
9060
9921
6354
7604
5872
23945
7733
6075
7816
7641
7663
6219
27290
6652
10804
11809
6622
12759
6278
6819
6014
5452
7547
7429
6744
8607
7310
7151
6742
6268
6373
7296
9002
6624
6602
6904
6503
10441
6956
8332
7512
6963
7444
7757
7368
7039
5826
9885
7029
15540
12466
22899
6629
7123
6087
6372
6136
6481
6235
5744
5911
7690
7937
6012
14716
7923
7637
8661
7966
7111
7014
6672
7902
7126
8188
8396
6472
9392
7591
7265
6158
6793
6513
6334
6649
7094
7064
6950
8628
8911
7226
8829
6986
7391
6260
7257
7782
6117
6387
5402
5617
6125
5206
6545
8081
5109
6174
5594
5175
5513
6541
6095
5505
5924
5939
5903
5399
6208
5618
6281
7242
8218
6043
6441
6453
8187
17105
17095
17740
40000
18750
16316
18224
8133
7761
8770
8925
7791
9080
7053
7201
7406
8829
6612
7498
6793
8847
6567
6350
9808
6038
6810
6166
9331
10753
5972
5883
5769
5213
5860
9444
7143
6648
9539
7029
7757
6673
5978
6081
8215
7178
6400
6128
6173
6679
6539
6852
6319
10841
7458
7966
7315
8069
8240
8060
7533
7485
6752
6362
7196
7019
7872
8023
11372
6212
6386
6075
6410
8573
6442
6503
6688
6185
6787
6472
7748
9632
12808
5710
10421
8285
7929
6343
17456
6902
6061
6840
8716
17769
6806
7335
5866
6017
5711
5437
6491
5823
6497
6550
6325
5745
6964
7798
5992
6287
5462
5641
5596
5549
5687
5103
5695
5294
5035
5423
5572
5440
5763
5558
8722
6256
6389
5875
5966
8431
10330
6157
6797
6847
6767
6546
6995
6959
6841
7785
7222
7353
6310
6396
7501
7441
7365
11052
6077
6760
6195
7793
7972
7176
7225
7246
6371
14594
15374
20265
17589
19205
18239
35368
7276
7101
8316
7050
8238
9135
10752
7166
6913
6896
14881
8346
8884
7710
8751
7270
9296
7049
8341
7663
7514
8314
7887
8318
7795
10372
7549
7672
8363
9945
8168
7296
12897
7848
6997
6914
7126
8265
6966
7960
7962
9411
7768
10874
6765
7906
7796
8728
9801
7539
7110
7461
7923
7889
9112
7638
7273
6455
6101
7070
6450
6830
5891
5909
6627
5903
5976
6596
7987
7801
6195
9293
6140
7784
6157
6162
6925
6930
7127
7460
20472
31864
6803
8888
9166
9159
7298
6796
7615
7149
8690
11019
14259
7646
7115
6873
7947
7088
8184
7507
8384
7027
14348
9664
10331
6508
6378
7257
6643
6412
6841
7200
7563
6769
6007
7651
12559
7895
11040
9501
10453
6777
6068
6666
6803
6429
6817
5994
6141
9356
6021
11118
8391
7951
9863
6212
6661
6227
11303
8698
6992
7901
7479
6093
6830
6651
15078
14906
14958
17173
56373
15554
14943
6470
6291
7496
8696
7323
6894
6243
6511
8577
7500
6483
6730
5895
15843
13323
5423
7344
7042
5739
6428
5707
5678
5449
5459
5380
6058
5927
5850
6066
5885
6039
5579
5921
8126
7513
6161
5745
6146
5961
5553
6189
6280
6415
6747
6390
6147
6461
7070
6198
6602
22529
9114
25622
22625
6651
8992
13951
14181
10210
8578
7934
9368
6660
6223
7512
6714
8011
6915
10871
7708
10151
7755
7465
7835
8494
6848
14978
7673
13039
14068
9276
7751
7744
6820
7447
6959
6831
7177
7033
7146
7688
10883
8580
7329
8350
7173
7881
7855
7895
8134
8110
6910
7503
8024
23950
9868
8674
9586
6916
6534
6523
8049
7385
6886
6980
7871
8862
12952
7302
7839
9295
7881
10064
6924
6998
5612
6038
5906
6883
9724
7541
7482
6374
8003
7183
5711
11132
5264
5527
5291
5252
5325
5766
7007
7809
5303
17780
38869
13910
13946
19012
15513
15541
8059
7034
9056
6604
6275
6050
7741
7589
11193
8841
11164
13691
8024
8047
6821
6180
7548
6647
6272
7009
7820
13632
7592
6366
5704
6147
6312
6264
6413
6769
6430
6723
6044
6391
9887
6677
8091
6123
6013
7070
7609
7494
6834
6262
7098
6547
6015
5594
5661
7781
7046
13038
5896
6321
6665
5763
5351
5766
6090
6293
7106
7142
25910
10067
7380
12493
25877
8034
6850
6616
6394
35581
5678
5654
6279
6017
22472
5832
7140
7051
14927
6429
7209
6626
5922
5560
7440
5838
5667
5650
5779
5847
5896
6478
6093
8862
8184
7534
6149
5805
6584
6389
5596
5733
5629
6047
5648
6027
7845
7156
5458
6610
11031
5949
5769
5095
5598
5467
5492
5940
6381
6904
5695
5676
5535
5581
5753
5701
6888
8122
5872
5812
6340
5445
7651
5361
5599
6291
5621
6738
5340
14751
17675
19691
21695
24351
43187
19975
11847
8424
7597
10052
6374
6753
6168
6013
9260
10856
9797
9259
17690
5790
5787
6807
6083
5766
6653
9017
9042
8606
10944
7292
6610
6711
6823
7492
6524
7126
6624
6435
9672
8767
7695
7623
7553
9131
8252
6278
10696
7650
7397
7350
10961
7357
12227
6390
6236
5761
5889
6216
7462
6231
6680
6950
5579
6140
6474
6408
6436
8481
7219
5791
6108
5584
5982
5567
15583
23073
6736
6861
20744
5587
7925
5822
5812
8633
6005
6521
7899
15921
5426
6139
6146
6147
8189
13126
5922
5220
5865
6368
6019
6712
6722
5695
6337
5817
6149
6567
7263
7237
14448
7418
6476
6769
6326
6762
6572
7377
10985
6715
7253
8781
8891
8730
7728
7384
8050
6832
6685
6624
6643
6479
8841
7100
6823
7190
8187
6815
6695
6974
7971
9391
6702
6663
8442
6767
7351
8781
9076
8095
6232
7026
8048
10170
6733
6191
5905
9763
6501
18078
21071
22653
40103
16766
18641
22300
23757
8792
7330
7015
7815
7529
7958
27304
6674
6938
7367
5934
6176
6125
6055
7109
6858
8615
6744
11298
6423
6363
6792
6922
6159
6249
6298
7826
6212
6661
7127
6896
5479
6150
10978
5990
5507
6337
5292
6021
6171
6413
5981
6839
5982
6056
6020
6051
6631
5971
8946
6499
10241
9025
8237
6488
6681
8902
12041
7573
6518
10927
8617
8381
8975
7156
7979
7153
6403
7663
6296
7883
7891
6756
7296
12581
7017
15870
7024
7484
6745
8449
7960
7581
6672
7168
26105
12695
23296
6206
6258
8702
7027
6271
6673
5900
5833
26764
5495
6390
6179
6017
6881
6472
8654
6562
6517
6013
6247
7696
8492
6743
6171
7541
6129
6379
7083
6984
6658
6027
6727
5837
10351
6616
9547
9925
6807
5942
7926
6928
6102
10465
6010
8587
6838
6382
6376
8371
45048
21977
16150
44825
18971
15461
7547
23775
11107
8070
7340
5862
5473
6008
5444
5307
5340
5936
5541
5431
6134
6307
6179
5678
5758
7358
7403
7646
7721
6798
6610
5952
41869
130999
12095
7540
12148
10303
22309
9752
14772
40184
6793
7214
7228
6992
7276
8373
6838
7459
9350
8882
10826
7264
8448
8441
8704
7204
17370
8216
7353
7052
7463
7512
17694
8167
6887
8821
7390
6590
6699
7622
7757
7322
9913
7315
15144
8458
7064
6684
7698
7624
6799
7450
8133
7682
10024
6960
9065
10513
7605
7793
6798
7540
7187
8025
8541
8215
6436
10918
6363
8156
6861
7188
6851
6451
6965
7182
6714
6923
6597
7366
7434
8853
7935
9367
9136
6887
7839
7063
7501
7972
8027
9441
7999
8072
15885
9830
7381
30506
10090
6682
5767
5756
6665
8754
5744
6152
9070
6824
7396
6409
6317
6966
6888
6978
6156
6818
5914
5819
11046
6965
7470
7801
16218
15937
15865
16224
19024
24546
12721
7596
8132
7136
7631
7014
7533
11884
11013
10723
9129
9913
6630
7110
7264
7440
7638
7039
7613
8427
7733
10686
7158
6546
7193
16294
6103
5963
7035
6642
6522
22350
7684
6863
7094
6388
6603
5849
6837
6115
6359
6829
6773
7293
6310
7915
8201
6833
18962
6653
6227
6593
6215
9336
7677
7586
7283
11028
9295
13037
6744
6995
9572
7146
6565
6424
6861
5748
6039
6070
5842
8658
7696
7383
5778
5793
5825
7210
7877
6802
7084
6751
6915
7107
6954
6948
9300
6727
9721
14737
6996
6460
6792
6460
7915
7654
9990
7069
8725
8642
11084
8585
6902
6990
6718
7103
15485
6656
6368
7062
5505
10466
7133
7989
6893
6962
6104
6620
5986
6074
5776
7547
7147
7224
27438
9912
7983
9031
6549
7188
6527
6601
7446
8611
8386
7896
10225
8471
7263
9192
8016
6775
7270
6625
7288
17842
16193
26293
17593
17047
37096
9691
8739
8515
12591
8595
9557
8134
9635
10334
7384
7014
8439
8828
11661
13482
7953
6607
7217
6676
7303
8209
6148
6629
6176
8509
6985
9899
6434
6075
5754
5742
5498
5440
5900
7052
5878
5821
5562
7058
7776
7878
6177
6399
7243
6582
6903
5944
6456
6157
6033
13728
7268
7005
8800
13511
9676
8439
10957
6549
6218
9131
7167
7841
26027
8896
11250
8272
6671
6510
6580
8102
7236
7977
7215
6032
5829
6159
11054
5997
6134
8041
7754
7356
7555
7938
7255
8361
7691
6866
9072
9912
10022
12469
7187
23792
27254
7781
11157
11247
8712
8816
8107
7878
7966
6928
7520
7405
7336
7458
6962
10604
7146
8271
6593
9090
31201
7444
7186
7278
7365
10045
6806
9796
7169
6883
7162
8781
7877
8306
7225
6769
6860
7399
7162
8748
9506
7226
8155
15278
7455
6999
8107
8155
6900
8053
19102
19025
20967
22750
14690
22560
21008
7568
7228
6781
6825
7662
7529
21960
6781
9133
10951
7952
9664
9361
7134
7850
8034
8031
8112
9312
6973
9148
11059
9046
8635
8114
7071
7159
6620
8559
7735
7213
10392
9757
18154
8853
7940
8405
10350
9085
7751
8048
7285
8489
9179
8155
6729
8414
8542
8162
9005
8972
7895
9772
7090
8964
10757
12131
7450
8886
9172
8529
6797
8534
7697
7335
7572
9350
12315
12628
8332
9390
8245
10445
7294
7843
6622
13679
10648
7031
7449
7706
7438
8196
8074
12162
7586
10534
7881
16789
7082
11555
17012
12243
6619
6087
5670
5792
44768
8122
6664
6162
6428
23608
8921
6884
30312
27070
7377
7812
13610
8738
7840
8106
12404
7058
9909
6616
7765
7647
7506
7422
6994
7396
7604
8458
7730
7875
9894
9554
9063
8340
7720
8320
8159
7479
7071
8861
7032
10659
8820
9460
6915
7245
9484
7290
6872
8019
8805
7297
7008
18145
24040
18854
16216
15880
16805
18889
8633
8039
8988
10687
7596
7885
13517
7253
9062
7037
7801
7057
6805
7330
7353
8256
8824
9006
7294
7244
6837
6960
6692
7087
9841
8355
7415
7339
7834
7088
7420
7962
6773
7859
7126
8780
8561
9035
7339
7686
7699
6523
6038
10323
5375
5617
5854
5933
7472
6190
6210
9454
7593
7871
6090
5725
6364
6767
6218
7023
7494
6572
6785
7705
6356
7506
7738
9954
9072
22427
7344
7913
7801
8234
10796
7810
10764
7434
6744
11239
7450
29610
7163
7004
7935
6814
9436
7118
8851
6667
7323
8015
6814
6913
8038
6927
7814
6973
7421
7817
12050
11016
6875
8403
8881
8528
13861
7529
8271
7306
8920
8045
6863
7403
6447
6732
9155
7610
7750
7465
8202
7513
6630
6827
12132
6837
7918
9672
6663
6730
6611
6743
7636
6980
6991
7112
6870
6751
8791
6597
8313
9072
6790
7430
7254
7930
6989
6942
6944
7072
21667
16315
16126
17343
21318
16083
20603
18390
6837
6724
7643
7941
9241
6327
5646
5341
5482
14040
27745
7043
18216
13770
8298
8594
11173
7326
27162
9728
8755
8524
7159
7355
7215
7934
8034
8791
7274
10712
30307
5925
7240
6381
6376
21144
8679
9045
7604
7883
11653
7663
7264
6774
8082
7265
6892
8667
7258
10041
7922
7243
42850
25014
27542
12161
8274
8183
7035
7612
6839
7353
6922
7655
7345
8647
8819
7625
10201
7597
10488
10996
10087
12429
7677
7139
7407
12137
8083
8892
8691
8105
7982
16460
7063
6752
6940
7323
14013
18538
10491
9098
25317
6293
6765
7128
6367
12119
6610
7874
6266
7845
6862
6007
5398
5450
5181
5922
5459
5430
6183
5294
6723
8300
6758
6041
5928
7078
6135
5809
5912
6172
5921
5884
5961
6494
18398
14246
16859
9009
7376
8512
7239
7357
22895
6957
20510
19557
16976
15423
21211
16432
13162
7613
6514
7094
7092
22027
25664
7740
11905
7626
12283
8529
8106
7734
8310
8101
8811
7151
7076
6766
13665
7084
9220
6734
7033
7657
7920
6968
8226
7696
6272
9375
8140
8284
10337
9063
6645
7160
8629
8011
7388
6821
7219
6899
7109
15329
7560
14016
9154
28215
8065
7451
6889
9371
7759
9000
6719
10359
9027
6925
6673
6083
7244
6303
6266
12371
6359
6734
8094
6914
6693
10419
5988
5409
11821
5550
5825
5222
5297
6336
6340
6951
7776
9638
6443
6901
7028
7565
6811
6315
6693
18713
8062
7846
8253
8369
8293
7360
6788
8130
7219
7444
7317
8260
6844
6880
7117
6767
8159
9003
11405
7289
7278
8308
8119
7659
7019
8270
8091
9888
9484
10158
7348
7629
8037
8758
9571
7479
6752
7327
8509
7829
7241
10704
8494
20434
8937
7467
7555
7376
7617
8019
7297
6859
8295
8234
11901
8164
7314
16037
15790
17189
21590
31975
16486
15005
6070
7119
7478
6472
7332
9080
6631
9237
6619
6436
6601
5606
5751
7057
7583
9103
6223
6560
7634
8036
18594
6619
7591
6596
6238
6336
6246
5076
5318
5660
5840
6169
5754
8768
5649
5718
6676
5436
7623
6573
5658
5778
6113
5195
5473
5843
5523
6085
28305
10912
5783
5726
7661
6817
15372
6398
6510
6207
6488
6040
8625
7325
8652
7021
7903
6953
8023
7002
7960
8253
8296
8746
11143
9388
6977
9953
6851
7113
7101
7284
8223
7606
7500
7537
8062
8926
9889
9000
10280
7902
7629
6929
8049
8902
7202
8570
8050
7242
9916
7244
7009
6970
7661
7074
8208
8281
7476
7268
8886
10332
14465
8147
16163
8801
14436
8319
19357
8229
8757
10814
7577
7529
7867
9078
7210
14738
19121
8181
9852
10013
8393
14948
7537
7537
7757
7485
9022
7669
9332
7253
7367
8531
6490
6604
19377
15812
16923
27832
29347
24825
16024
11329
7114
7050
6974
9514
9382
14642
6952
8319
7793
10803
7957
7864
8061
7531
30183
7049
7381
25490
29060
7520
11058
23634
8492
30079
8184
7972
9250
9370
8848
10940
7527
8597
8165
7538
7239
8119
7057
8972
7591
9227
10592
10497
9165
8267
9124
9627
7721
7052
9128
8244
6830
8207
8803
6974
8836
6855
7866
18853
18926
7272
6681
6664
11642
14419
8247
8925
7876
7093
6793
17185
19722
15472
8944
9868
8903
8276
8715
7541
7169
6188
6160
5857
23626
9314
7616
6015
6114
5552
5647
7193
5479
5181
5472
5559
5515
5375
6589
6770
13476
23781
20023
45786
12496
10181
9135
7011
7107
5797
5901
5937
6469
5851
6068
7262
7490
10454
6259
8736
6141
6508
7035
7873
8654
6758
6961
7132
9070
7862
8462
13566
11179
6987
7997
7621
5604
5598
6589
6085
6425
9157
6082
7154
10431
6010
7062
15349
16816
16094
16307
20622
19748
18099
8766
7525
10839
8091
46400
18357
8046
14376
8503
11865
8255
7907
26873
7830
8277
7718
10363
8945
10970
7525
7807
8322
9979
12617
8829
9323
6453
7371
8020
7812
6724
6675
7214
5855
7236
8041
5169
7006
5527
6202
5437
5161
23563
5578
5442
5476
7036
6003
9699
6494
11641
16738
11811
7608
9580
13689
6874
6956
8103
11219
15064
9888
5658
6277
5384
5691
5875
14085
7648
21191
5681
5785
7694
7431
6129
6658
5627
5345
5710
16304
6214
7219
8625
8923
7290
7614
6302
6424
7446
8571
8181
6658
10520
6587
29966
9122
6731
6719
7481
7853
7145
7661
8725
12112
7208
9892
7622
7179
7049
7606
6722
8416
6689
7604
7147
7832
7185
8036
8099
11416
8040
25997
8599
8686
9290
7964
8015
13918
8254
8750
9771
7777
7474
8521
7380
7644
7605
7900
7920
7892
7828
10198
9278
6986
6704
7332
28497
6345
5881
5764
5991
14829
23412
15766
14885
15025
15587
16182
7234
6963
6670
9573
7201
45104
10568
14685
7309
8922
7144
8008
7574
8819
8131
7786
7671
7329
7091
6935
9276
7534
11556
22491
6967
10773
11100
7239
6493
7199
7864
9291
11382
7241
6701
7721
6999
7572
8270
6888
6977
8058
8846
6951
9089
27256
14596
7188
7173
6920
7250
6578
6919
8941
9251
16936
9168
8334
7415
7205
7548
7671
8676
7915
7242
10543
7468
7973
10546
8095
8408
8777
8749
8191
8193
9640
10951
9305
9331
7328
7760
8344
9437
27445
6555
16840
8576
9980
6478
5706
5888
10561
6287
14478
6160
8015
6349
6533
7376
8560
5882
7967
6410
6557
6491
5895
6493
6917
6621
7843
7054
7899
7458
17234
49566
7771
5943
8277
29113
6767
8126
6845
7435
7713
6784
6418
7089
6930
6689
5907
5687
6833
8202
6362
6530
6409
6963
6501
6909
15745
14865
15384
14319
19345
18083
8867
9023
6871
6354
6585
5784
8298
12593
10924
7505
7328
6878
7465
7373
7209
6447
23169
8549
13162
9928
9611
13205
7322
9659
6709
7142
6693
8324
7492
8488
11236
11013
9764
11982
13127
8965
6975
7079
6499
6004
6304
9196
6860
10166
7924
7437
6425
6483
6606
6038
15193
5994
7420
5455
9071
6947
12929
6952
6518
5476
5435
5701
5099
5822
13962
7783
5143
5393
9251
5530
7579
6652
7364
6236
6401
6457
6158
5957
6239
5906
6562
6889
6598
8952
9496
10958
6205
7321
5939
6335
6542
41583
31182
7324
7869
6926
6568
7396
6878
6905
7905
7797
7558
11750
8071
6999
6876
7266
10563
7178
8614
8390
6942
7190
7482
9033
8270
7112
8600
7506
7330
27236
13322
7880
7729
8548
9523
12473
7837
8621
6842
6942
6644
15692
15746
18469
20532
17306
14990
10649
5496
7123
6159
6218
9196
10087
9527
6514
6643
6997
7255
6984
6894
7192
6982
6790
6791
6459
10065
8888
10129
7888
6602
8275
9085
6771
6293
6787
5924
5848
9415
10890
6234
10956
5688
12130
5557
5254
5275
5593
5889
5627
6263
5769
5474
5761
7278
12207
6015
6856
6976
6141
8006
5994
5812
6033
7032
12691
7832
8586
8160
7083
13451
7028
9935
7247
7545
7676
8114
8881
7275
7943
9744
7614
7535
6698
7588
6980
7856
7943
23509
7934
7851
10111
7981
9111
8133
6762
7179
8043
6735
7296
6762
7196
6712
8310
7840
9415
8989
6775
6706
6650
7255
6964
7034
6798
7550
11954
8245
8214
9188
6761
9976
6975
7104
6718
6658
7749
15009
8296
8075
9923
10027
11165
7499
6599
7214
6742
7179
6596
7125
6996
9330
28073
7832
10598
7508
15194
17467
15627
19341
22100
15902
15373
6013
12533
8660
6548
5317
6727
7126
5884
5537
5877
5989
5790
6465
5799
6863
6326
5860
6401
7488
7446
7477
10954
6802
10656
7370
7352
7807
16810
8506
7756
7340
7615
9424
9569
6530
8010
8391
6793
8987
9161
6827
9636
7125
6845
7336
6857
9193
11345
9735
8051
7035
7716
6630
6799
7679
7213
9035
9614
7842
6780
8951
7481
9427
24385
15380
11864
7272
9270
10175
7600
8645
15154
6755
6542
7408
7226
6390
7401
29183
9129
40315
51680
36195
8063
8212
7438
6883
7928
7831
10419
7153
10713
9005
7041
6852
6966
8055
7629
7131
8435
7195
8794
11088
7719
6776
7328
6491
6803
10028
7952
7786
6382
7882
7021
6474
7458
7467
6368
5629
5916
5582
6284
33176
5660
6128
6855
5885
7059
28976
7245
6352
6130
6325
5977
6732
6555
6794
6022
6187
7202
7477
6546
8619
6748
5814
6001
5451
7308
5667
5606
14064
14575
19741
20429
15050
16348
15775
6936
5971
5985
6908
8672
7832
6084
5564
7097
6621
6433
5892
5515
5995
5828
5390
6409
5113
17009
7950
7706
7144
6356
9304
6336
5948
10891
5267
6432
13599
6017
21830
10459
7443
9703
5648
5198
7797
6412
5742
5851
7510
5504
7355
8676
7375
20656
7213
5829
5934
6721
7319
6096
7142
5958
6182
7461
13603
6340
10496
5880
6578
5371
5692
5853
5944
5547
5711
5577
5897
6679
7424
7808
6522
6885
6646
5933
6318
6074
8030
8490
5681
5856
5317
5820
5755
5400
5106
8880
7898
7029
6100
7316
8447
5827
5609
12409
5312
6416
5937
25846
6030
6330
5241
5457
6584
5947
13037
9217
8732
6470
8248
5435
11161
5738
5897
5806
5597
5454
5622
5948
6135
8901
6987
10010
43200
9337
6098
7955
17279
8958
7812
6161
6174
7684
7655
8129
6176
6889
6650
6679
7350
6367
6567
6851
5855
7082
6646
5834
6169
8164
7997
13410
8409
6528
8065
7221
8751
7916
8087
9127
7599
9471
7889
7443
6574
7426
6751
11221
6855
6831
6913
7678
7021
7982
28294
15637
17131
19528
15369
15029
9015
6986
10632
6306
6674
6551
6801
5757
5829
6189
5911
7286
7386
7482
9519
7952
12066
6462
5938
5755
6722
6984
7127
5735
16765
5643
6474
11116
7904
7706
6627
8249
5894
5984
6007
5972
5722
5336
6562
11028
7052
7277
8331
5255
8820
24069
5945
6321
5959
7570
24656
8435
9017
11174
6731
6439
6902
6812
7272
6691
7544
8656
7106
7930
9054
9076
13268
23779
25506
8189
8518
7491
7638
9825
10660
7369
7417
7183
8123
8661
7067
7738
6838
6765
8128
9329
25884
35744
11262
7302
6324
8167
10310
10991
5483
6776
6680
6420
6604
6093
6470
6859
7002
6444
5783
7198
7542
8567
11896
9965
30882
7323
9886
10265
11727
7516
6495
8695
7564
6276
15697
8429
8347
6753
7593
6947
5961
6362
8003
5632
9169
6296
5879
24032
6000
6021
5552
6751
6019
6899
8895
8325
6873
19215
15567
20439
16048
19616
16628
15799
6994
6940
7421
7437
7015
7482
7372
7630
7596
9032
17672
7675
9011
8129
8025
7917
8546
7140
7865
7023
9541
7476
9342
7744
6825
8013
6810
10547
8051
10527
8608
8759
11183
7319
9880
8584
8691
7544
8385
7053
7081
8072
8657
8113
11785
8108
10880
7661
8356
7387
8102
7085
7378
8036
7545
9289
7116
9075
7572
9194
6788
6591
7225
6989
6577
6581
6578
7220
6766
7156
8308
8477
7128
7138
6450
6625
6252
6732
7015
8594
8511
6690
6811
28023
93746
130398
131343
130819
7349
11750
8490
8316
7967
96586
6893
6981
15164
24651
108766
133752
21177
7160
6343
8001
95165
88655
7578
8738
7594
8495
7621
7661
10436
9248
21329
7383
7361
28018
8649
7871
8107
8801
11472
10579
8320
8795
8436
7902
6672
8166
6892
7188
7201
8055
7532
9188
11883
8327
8411
7410
7408
6835
8151
7784
7176
8790
11604
8602
6887
8792
8468
9740
8681
9429
7355
13435
8926
7441
9449
7514
12119
7700
9181
9998
11893
7962
8442
7709
7949
20748
11090
9878
26071
7682
7216
7840
7784
9197
7034
6897
8012
10669
7438
7023
7222
8634
7096
7969
8995
6713
8317
7394
7746
13520
11315
6626
6404
9620
6150
5539
6340
5521
5610
23216
5938
5898
7203
6862
6237
7389
7013
6655
7032
7727
7188
7217
9792
9108
6854
10447
7008
7541
6610
5969
6243
8605
7263
8114
13107
8388
7154
8353
6142
7343
6810
6972
6490
6453
6927
6254
7164
7502
6988
9097
8090
5829
6967
7357
17592
15977
15675
18378
20200
20915
15934
7505
9525
8309
8532
29110
9441
8128
7076
7826
7977
7665
11332
7782
8055
6652
7330
7152
8955
10599
8142
7090
6996
6986
8847
7131
8962
6804
7116
9918
8970
15352
7807
7822
6971
6926
7174
8304
10788
7445
7069
38771
15551
11234
7402
7629
8190
8075
8314
10144
7467
7204
7843
6518
6058
5996
7485
8931
7454
14077
5850
7408
9889
8033
11629
6038
9326
7432
7311
8145
7198
8560
10279
7297
11559
6977
6425
6952
6040
5888
6041
5839
5929
5840
16343
6919
5991
6064
26893
5984
13942
6252
10903
6799
7202
6590
6211
6170
8812
7660
6655
7553
6494
8456
6433
6898
7631
12338
6638
6638
6417
6245
7129
7102
6601
6161
6242
6664
6749
7119
9707
7935
8413
7005
6862
7029
7964
7617
6711
6317
6470
16506
7498
6647
8086
12210
8331
7480
8721
7883
8016
12420
11318
7167
7469
11959
8505
7212
20174
12556
6749
18010
38149
21806
19256
19387
20443
17732
7803
7721
7296
8243
7880
8006
7177
8071
7678
18588
6855
7999
6836
7470
7090
6548
8469
5712
10267
5344
5953
5704
6817
5376
5908
5240
6634
5971
6061
5572
5639
5621
9550
5786
5735
6296
6590
14435
5795
5706
6002
5908
5981
5553
5768
5930
5890
8102
8268
6024
10220
6048
6083
6331
6060
6021
6016
6147
10770
5962
5747
6603
33406
8441
7272
7009
10537
27420
7264
7185
10462
16107
7603
9361
7853
8791
9037
7507
7252
8218
16255
6840
7921
7238
7202
7584
11861
8466
11481
7513
8276
7226
10236
7657
7273
9414
7605
6943
7081
7664
8024
8428
7289
7519
6663
11029
6704
8429
7359
7936
7085
8976
7844
8395
8792
8949
9869
10351
7814
7307
6919
8448
7456
7583
42915
15731
15428
6037
5935
22831
7490
5740
6851
7138
5590
42923
6276
25654
11343
5454
5141
5232
6224
13353
8511
16538
15254
20637
15305
15163
20710
17775
16426
7668
7706
8273
6859
7107
6952
8884
9268
6982
7753
6786
7594
7778
8043
9927
8044
6635
7497
6885
9143
9264
7713
6953
6710
7063
6650
9166
7108
6739
7289
7039
7084
8022
9234
8186
9861
7638
8536
8651
7604
7340
7871
8950
9820
7325
6769
9594
6787
7846
8131
7257
11312
7856
19064
7327
7077
7922
10134
6686
7162
6835
7213
7140
6841
7226
6946
7543
7268
6668
7576
22806
11999
8869
7226
8962
8124
8127
8750
5957
6466
6652
7777
7441
6309
8410
5926
6710
7010
7948
6354
21806
14961
7247
8117
7905
6970
7020
6963
8198
7876
7401
9656
8632
7158
7172
17150
6576
7331
6534
7509
7001
6867
9027
9059
6607
7010
7016
6911
7632
7449
7674
7535
8346
33725
9354
7497
8257
9211
11801
12621
8703
8215
7264
19192
17176
16468
20757
18411
16012
16009
7182
6788
7116
6949
7815
9604
8512
8203
7871
6969
24054
6812
7326
8188
7751
9050
9836
11226
7376
7208
7930
8758
7356
6737
7162
7006
7375
7556
6871
9322
7289
7586
7288
8029
9655
6666
6734
7829
7449
8104
7013
10187
8661
12310
6748
9802
6432
6254
6099
7237
6753
7196
7977
8338
8287
9684
17043
6467
6221
6422
7139
8882
7054
6232
7538
8551
8407
7792
6546
7610
6900
7175
8583
7848
6805
6627
33844
11678
7975
7040
7598
6911
9655
6975
8562
8667
6638
7029
6033
6293
6769
7821
8155
7228
7319
7015
6876
7274
6713
7519
7800
6838
7851
10062
8968
7252
11661
6635
7646
10341
9059
6686
7122
8144
6914
16047
9738
9458
8379
8387
8236
9115
7431
6930
6764
6815
7290
34050
7306
9213
7684
8343
6862
7709
7138
8363
7466
9796
12440
8402
7210
8690
8200
23814
7586
7630
8313
20434
22675
16281
19715
65740
20072
17528
7557
7324
7972
9870
10582
7107
7600
13285
7257
7096
7196
22142
9354
10403
10872
13554
8029
8140
22169
7464
8463
8146
8484
10388
8482
27395
16270
12288
18780
6605
6140
8758
7055
6427
7572
7020
6124
6182
6419
5737
6003
6678
11626
7803
7545
12083
7124
11070
6824
7633
7940
8588
8970
7777
8595
8218
7401
7151
10334
6768
24059
13409
9441
13341
33858
15344
8638
6851
6771
6940
6582
7526
6265
10723
7619
15619
11689
10280
6799
6738
7058
6841
6975
8644
6384
7343
7477
17219
6919
9589
7103
35159
7602
11090
7527
7789
23902
7168
7916
7749
7605
7691
8067
7813
8774
7230
7086
10431
7685
8933
7161
15713
7103
6851
6784
7455
7456
6422
7730
7583
8470
8053
11500
9843
7554
6420
7910
9886
6827
6289
7176
6850
9184
6879
11538
7302
6938
6550
6669
8524
6346
15267
17336
19321
17000
19803
16992
15983
7836
8517
7762
7177
7345
6548
6618
6525
6634
7049
7322
11938
6270
7653
6563
9691
8826
17541
7757
7975
7232
6881
7272
7175
9032
6554
9203
10279
6719
10477
7542
8197
7487
8371
11134
7331
6927
7213
7334
7738
9301
7472
6701
7298
6944
7035
7058
7546
8692
8088
7324
6920
8680
9983
7138
20368
7627
7780
7594
7855
22512
7602
7354
10203
12215
8159
6416
7184
7706
6528
7268
6403
6964
7390
8438
7984
7604
6478
9654
7309
6710
6432
6733
6621
6916
6761
7082
7533
7133
29042
7080
8901
9369
7453
7105
6955
7033
7214
7255
9629
12130
6995
10921
8733
6936
8957
6779
6623
6477
6567
6278
7538
12039
7573
6290
6957
8879
8149
6573
7409
6667
7388
6518
6335
6512
9087
8020
7436
7027
8255
5937
7047
6718
7911
5946
6298
8355
6580
6982
7343
6793
9190
6698
9021
6941
7060
6862
7343
6803
7227
15966
16048
20376
21763
15891
16459
16400
8697
7108
11013
8403
9727
7655
7245
6797
7514
8505
16124
6746
7180
10261
8767
7752
8425
7213
8149
8281
6253
6211
6609
9216
6028
6970
6155
6743
7871
5374
5786
5502
5818
5406
6685
9499
6465
6038
6919
8002
7146
6040
7939
7102
6430
8534
6701
6227
7767
7448
6762
19255
12018
7180
9259
10523
9246
6747
12307
7145
23385
7973
7540
10517
10125
7593
9474
6418
6291
18849
14680
7075
8081
11238
24716
10627
8729
29713
9232
8622
25342
7782
7990
15518
7395
7062
7762
7695
7869
8387
10375
7775
7092
7668
8623
7842
8071
6869
7990
7991
7030
8238
7650
7202
7141
11355
6666
8774
7430
6945
8243
7521
7005
7733
24081
11486
9318
11334
10666
8520
6964
7431
6896
7668
8096
8709
16855
11210
15049
21312
12602
6831
7301
10529
5360
9775
7971
6279
12760
7051
5733
9095
5791
7335
6110
6245
14905
18424
23688
17427
33757
16043
18469
13025
7165
7167
7925
9275
9142
8682
7857
7172
7510
8253
9979
10567
8303
7399
7603
8131
9859
7765
9270
8160
7469
7024
9357
12389
6981
7076
6671
6528
6588
7030
8107
6886
7063
6859
6542
13066
8084
7409
7614
6145
6889
8025
6418
7030
7460
6948
7201
7861
9757
6531
11012
7169
9070
7575
6923
6762
6889
7155
6561
8772
34019
6911
9614
7775
10784
7389
8175
10318
10383
7817
15170
7889
8274
7826
6924
7484
10616
7637
6877
8642
7297
9620
7687
6749
6391
7679
6403
7061
8596
5898
6150
5478
6480
5478
6181
6545
5910
9152
9197
6733
6209
7432
7391
22558
11054
6182
6507
7844
8736
8312
10388
16959
8075
9501
7668
