time	value
0	0.0
0.5	0.0
1.0	0.0
1.5	0.0
2.0	0.0
2.5	0.0
3.0	0.0
3.5	0.0
4.0	0.0
4.5	0.0
5.0	0.0
5.5	0.0
6.0	0.0
6.5	0.0
7.0	2.0
7.5	2.0
8.0	2.0
8.5	4.0
9.0	3.9
9.5	2.0
10.0	4.0
10.5	2.0
11.0	3.9
11.5	2.0
12.0	2.0
12.5	3.9
13.0	2.0
13.5	2.0
14.0	4.0
14.5	2.0
15.0	4.0
15.5	2.0
16.0	2.0
16.5	4.0
17.0	4.0
17.5	2.0
18.0	2.0
18.5	4.0
19.0	2.0
19.5	4.0
20.0	2.0
20.5	2.0
21.0	4.0
21.5	3.9
22.0	2.0
22.5	4.0
23.0	2.0
23.5	0.0
24.0	2.0
24.5	0.0
25.0	3.9
25.5	4.0
26.0	2.0
26.5	2.0
27.0	3.9
27.5	2.0
28.0	4.0
28.5	2.0
29.0	4.0
29.5	2.0
30.0	2.0
30.5	2.0
31.0	4.0
31.5	2.0
32.0	2.0
32.5	4.0
33.0	2.0
33.5	4.0
34.0	2.0
34.5	4.0
35.0	2.0
35.5	4.0
36.0	2.0
36.5	2.0
37.0	2.0
37.5	3.9
38.0	4.0
38.5	2.0
39.0	4.0
39.5	3.9
40.0	2.0
40.5	4.0
41.0	2.0
41.5	3.9
42.0	2.0
42.5	2.0
43.0	3.9
43.5	2.0
44.0	2.0
44.5	2.0
45.0	3.9
45.5	2.0
46.0	2.0
46.5	2.0
47.0	4.0
47.5	4.0
48.0	2.0
48.5	2.0
49.0	2.0
49.5	4.0
50.0	2.0
50.5	4.0
51.0	2.0
51.5	4.0
52.0	3.9
52.5	2.0
53.0	4.0
53.5	2.0
54.0	2.0
54.5	4.0
55.0	2.0
55.5	3.9
56.0	2.0
56.5	4.0
57.0	2.0
57.5	2.0
58.0	4.0
58.5	2.0
59.0	4.0
59.5	2.0
60.0	4.0
60.5	4.0
61.0	2.0
61.5	4.0
62.0	2.0
62.5	2.0
63.0	3.9
63.5	2.0
64.0	4.0
64.5	3.9
65.0	2.0
65.5	4.0
66.0	2.0
66.5	2.0
67.0	2.0
67.5	4.0
68.0	2.0
68.5	4.0
69.0	3.9
69.5	4.0
70.0	4.0
70.5	3.9
71.0	2.0
71.5	2.0
72.0	4.0
72.5	3.9
73.0	4.0
73.5	4.0
74.0	4.0
74.5	5.9
75.0	2.0
75.5	4.0
76.0	3.9
76.5	4.0
77.0	4.0
77.5	2.0
78.0	4.0
78.5	2.0
