4134.0
2502.0
2649.0
2829.0
2704.5
8050.0
2672.0
2537.0
2413.5
2530.5
12018.5
8600.0
6276.0
8453.0
7638.5
6760.5
2700.0
2831.5
2535.5
4374.5
2491.0
2491.0
2657.0
2911.5
2399.0
2521.5
2583.5
2577.0
3827.0
2736.5
3502.5
2681.0
2677.0
2752.0
2463.5
2728.5
2674.0
3390.5
2980.5
3241.5
5486.0
7591.5
11577.0
3056.0
2555.0
2612.5
2782.5
3148.5
3273.5
3978.0
4227.0
3291.5
13435.0
4928.5
9004.5
7321.0
5002.0
3621.0
2620.5
3672.5
3599.0
2719.0
4114.5
2803.0
3932.0
7389.0
3011.5
2825.5
7027.5
8385.0
3319.5
3460.5
3238.5
2696.0
2825.5
2635.0
2727.5
3796.5
3825.0
2946.5
8107.5
2993.0
2912.0
3306.0
2697.5
4627.0
2803.5
2412.0
2605.0
2493.5
3001.0
15382.5
7566.0
2490.5
2492.5
3469.0
2456.0
2652.0
2799.0
2433.5
2558.5
2591.0
2519.0
2456.0
3851.5
2996.5
3508.5
2443.5
2600.5
2422.0
2749.0
3678.0
3119.0
4016.5
2732.5
3815.5
2725.5
2554.0
40460.5
50512.5
2494.0
3407.0
2520.5
2470.0
2597.5
2450.5
2467.0
3985.5
2993.0
3383.5
2503.0
2591.5
2676.5
2633.5
3164.0
3314.0
3264.0
2749.5
2467.5
2507.5
2644.0
2446.5
2424.0
2450.5
2410.5
2630.5
3554.5
3399.0
2437.5
2550.0
2507.5
2937.5
2658.0
2969.5
3410.5
3866.0
2581.5
2922.5
3323.5
2712.0
3008.0
3014.0
2680.0
10254.5
6003.5
6466.0
7326.5
4195.0
8413.5
6664.5
4573.5
2727.5
3126.0
2513.5
2717.0
2539.0
3123.0
2913.5
2559.5
3496.5
2564.5
2471.0
2733.0
2613.0
2577.5
3035.5
2818.0
2518.5
3579.5
2451.5
3362.0
3616.5
2542.0
4896.0
2586.5
3367.0
4440.5
2627.5
2724.5
2653.5
2930.0
2749.0
2756.5
8315.5
3745.0
2517.0
3293.5
2737.5
2958.5
2848.5
2500.5
2972.5
3575.5
2494.5
2917.0
2607.5
3409.0
4580.5
3146.5
3892.5
3024.5
3229.0
3044.5
3075.5
2932.5
2966.0
2911.5
2707.0
4209.5
2496.5
2858.0
2711.5
4379.5
3573.0
2764.5
5006.5
3521.5
2916.0
2630.0
2811.5
2488.5
2513.5
2468.5
2577.5
3510.0
2478.5
3027.5
2566.5
7080.5
2625.5
2503.0
3765.0
2765.0
3142.5
3964.0
2837.0
2499.5
2457.5
3091.5
3141.0
3285.0
3473.0
2521.5
2519.0
2669.0
2538.0
2657.0
2426.0
3856.5
2800.5
2529.0
3315.5
2504.0
2538.0
2468.0
2512.0
3415.0
3069.0
3222.5
2640.5
2641.0
2711.0
2688.0
2687.5
2609.5
2556.5
2545.5
3545.5
3601.5
2430.5
2373.0
2667.5
2430.0
2487.0
2386.0
2459.5
2507.0
3208.0
2526.5
2486.0
2432.0
2429.5
2599.0
2501.0
2521.0
2437.0
3394.0
2613.5
3256.0
2516.5
2477.0
2408.0
2565.5
2516.5
4868.5
4104.0
2542.0
2590.0
2414.0
2415.5
2496.0
2686.5
2586.0
2664.0
3778.5
2695.5
3533.0
2596.5
2493.5
2470.5
2388.5
2381.0
2665.5
2756.5
3666.5
2510.5
2400.0
2398.5
2389.0
2701.5
2604.5
2596.5
2797.5
3611.0
2541.5
3285.0
2490.5
2475.0
2480.5
2514.0
2515.5
3504.5
3440.5
2540.0
2609.0
4464.0
3122.5
2845.5
2671.5
2699.5
3751.0
2665.5
3482.5
2528.0
6458.0
6463.5
7580.0
6223.0
6215.5
6111.0
13387.5
2624.0
2547.5
2756.5
2547.0
9253.5
2752.5
2500.5
2477.5
2488.5
2375.0
2585.0
2508.0
3466.5
2451.5
3454.5
2712.5
2445.0
2510.0
2472.5
2560.5
2479.5
2789.0
4961.0
4993.0
2475.0
2549.5
2995.5
2536.0
2857.5
3728.5
2792.5
3508.5
2690.0
2820.0
2517.0
2498.5
2462.5
2841.0
5068.0
2764.0
3497.5
2702.0
2576.0
2433.5
2608.0
2596.0
3725.5
15096.0
2455.0
2427.0
2502.0
3165.0
4900.0
2433.0
2435.5
2463.5
2547.5
2548.5
3946.0
5129.0
2631.0
4136.5
4438.5
2510.0
2422.0
2473.0
2458.0
2585.5
3442.5
2986.5
2456.0
2692.0
2623.0
2664.5
2625.0
2544.0
3049.0
3459.0
3768.0
2551.5
2533.5
6912.5
2688.5
2660.5
2631.5
3480.5
2616.0
2893.0
2608.0
2569.5
2802.5
2771.0
2791.5
4116.0
2792.5
3527.0
2537.5
2553.5
2894.5
2943.0
2906.0
2956.5
3606.0
3081.0
3087.0
3094.5
3174.5
3169.5
3485.0
2939.5
3380.5
3566.0
2823.0
2608.0
5256.5
2750.0
2745.0
3011.5
3899.0
3148.0
2799.5
2674.0
2631.5
2758.5
2609.5
2575.0
3876.0
2906.5
3665.0
2762.0
2568.5
2669.0
2759.0
2661.0
2850.0
3883.5
2626.0
2631.5
2969.5
2805.0
2623.5
2696.5
2830.0
2833.5
3582.0
4052.5
3785.0
4407.5
2617.5
2790.5
2669.0
2759.5
5245.0
2584.0
2707.5
2916.0
2528.0
2502.5
12895.0
2556.5
2602.5
2709.0
6661.5
3187.5
3196.5
2585.0
2527.0
2463.0
3772.0
2900.0
2907.0
2534.0
2658.0
3796.5
3650.0
3119.5
2504.0
2749.0
2772.0
2502.5
2601.0
2773.5
3683.5
2481.0
2889.5
3497.0
2605.0
2636.5
2623.0
3291.0
3663.5
3081.5
3215.0
2447.5
2485.0
7076.5
7434.0
8357.5
8482.5
7112.0
6815.0
6059.0
2816.5
3005.5
2618.0
2401.0
3419.5
2583.5
2388.5
2554.5
2781.5
2752.5
2914.0
2688.0
2608.0
3516.0
2655.0
3633.0
2977.5
2550.0
3251.5
6458.0
3485.0
3478.5
2561.0
2576.0
3760.0
4107.5
2505.0
16094.0
2731.0
3083.5
2596.5
2587.0
2755.0
3346.0
2816.5
2489.0
2730.5
2600.5
2570.5
2474.5
12212.5
7043.5
3834.0
2619.0
2666.0
2620.0
2575.5
3214.5
2729.0
2805.5
2756.5
2746.5
2600.0
3007.5
2679.5
2538.5
7533.0
2475.5
2428.0
2720.5
2745.5
2843.0
2689.5
2793.5
3844.0
2704.0
2666.5
8631.0
2721.5
2536.5
3935.5
2978.0
3258.5
2946.5
2834.5
2784.5
2735.5
3016.0
3082.0
3440.0
2958.0
2933.0
2873.0
2686.0
2841.0
4734.0
4562.0
4991.5
2643.5
3398.0
2704.0
2537.0
2746.5
2548.0
2548.5
3539.0
2838.0
3643.5
2966.0
2544.0
2557.0
2772.0
2952.5
5420.0
3571.5
3658.0
3843.0
2501.5
2527.0
2500.0
2949.5
3403.0
2476.0
3213.0
2742.5
2766.0
14757.5
6287.5
2494.0
2629.0
2548.0
2556.5
2516.5
2806.0
3620.5
2418.0
2908.0
2578.0
2453.0
3044.5
2734.0
2564.5
3666.0
2372.0
3362.0
2611.0
2505.5
2585.0
2394.0
5048.5
2538.5
3311.0
2619.5
2467.0
2493.0
7571.5
2752.0
15801.5
6374.0
2959.5
4486.0
8848.0
6289.5
10563.5
8057.0
9927.5
9221.0
5955.0
11851.0
6217.0
5545.5
11041.5
2841.0
2656.5
2806.5
2544.5
3551.0
3036.5
2865.0
2464.0
2497.0
2464.0
2470.5
2448.5
4179.0
3031.5
3751.5
2537.5
2952.5
2553.5
2478.0
2576.5
2713.5
2510.0
3555.0
2583.0
2459.0
2390.0
2689.0
4403.0
3107.5
2926.5
4058.0
5312.5
3149.0
2687.0
2588.5
2489.5
2600.0
2488.0
3968.0
2989.0
2406.5
2545.0
2643.0
2785.5
2878.0
3120.0
2454.0
3856.5
17644.5
4568.0
4928.0
3471.0
2880.5
2985.5
2705.5
3780.0
2965.5
3569.0
2534.0
8924.5
4245.0
8722.5
10360.5
3578.5
2758.0
2755.0
2636.5
3982.5
2914.5
3356.0
2532.5
8289.5
2612.0
2543.5
2565.5
3381.5
2467.0
2469.0
2472.5
2632.0
2823.0
3582.0
2509.5
2399.0
4691.5
3112.0
2810.0
2495.0
2382.5
2619.0
2538.0
2498.5
2874.0
3255.5
2600.5
2394.0
2711.5
2445.0
2380.5
2533.5
3685.0
4120.5
2629.5
3414.5
2599.0
2429.0
2660.5
2428.5
2520.5
2506.0
2385.5
3132.0
2528.0
2893.0
2616.5
11370.5
19039.5
20327.5
2733.0
2869.0
2835.0
3153.5
2911.5
3647.0
3688.5
2545.5
2566.0
2859.5
10632.0
11921.0
2606.0
2546.5
2780.0
2586.5
2614.0
3771.0
3672.5
2831.5
2674.0
3166.5
2753.5
2732.5
2609.0
3092.5
8338.0
17063.5
10064.0
6439.5
6535.5
7325.5
2689.0
4304.0
2533.0
2654.0
2742.0
2471.5
2619.5
3818.0
3579.5
2754.0
2611.5
2573.5
3025.5
3189.5
2755.5
3411.5
2728.0
2727.5
2784.0
11451.5
2888.5
3662.5
3607.5
3062.5
3739.5
3068.0
2900.5
13992.0
36591.0
22225.5
24384.0
4268.0
4091.0
16473.5
2761.0
3032.0
2950.5
5410.0
11782.0
3069.5
2857.0
2800.0
2634.0
3335.5
11698.5
3083.0
2901.0
2515.0
3605.5
2743.0
3615.5
2977.5
2875.5
2602.5
2909.0
2557.0
2599.5
4337.5
2881.5
12537.5
2706.5
2728.5
3477.0
2551.0
8133.5
3177.0
2535.5
2544.0
2610.0
2550.5
3993.0
2611.0
2731.0
3041.0
2609.5
2674.5
2516.0
2505.5
3749.0
2917.5
3245.5
2938.5
2741.0
2454.5
3555.0
2439.0
2755.0
3368.5
2920.0
3002.5
2757.5
2587.5
3182.5
2700.0
2593.5
2503.0
3531.5
3764.5
2793.5
2760.5
2694.0
2783.0
3062.5
2655.5
2938.0
3967.0
2961.5
3058.0
2837.0
2616.5
2788.5
2633.0
2585.0
3887.5
2618.0
3335.5
4221.0
2695.0
7016.0
2633.5
3876.0
2608.0
2705.0
2598.5
2571.5
2549.0
2740.5
2590.0
2648.5
3957.0
3691.5
2614.0
2533.5
2508.5
2675.5
2806.0
2788.0
3435.5
4153.0
2767.0
2832.5
2546.5
2517.0
2523.5
2717.5
7696.0
7438.0
6466.5
6412.0
7427.5
6658.0
6462.5
2526.5
3473.5
4542.0
3651.0
2793.0
2851.5
3043.5
2855.5
2745.0
2794.5
2706.0
9231.0
2477.5
2457.5
2717.5
2839.0
2495.5
4731.5
2859.0
3338.0
2510.5
5260.0
2627.5
2645.5
6512.0
2629.0
2786.5
2664.5
2759.0
2588.5
2995.5
2726.5
2463.5
3598.5
2621.5
3512.5
2764.0
2610.5
2845.0
2626.5
2728.5
2504.5
4254.5
2600.0
2550.5
2797.0
2716.5
2796.0
2560.0
2726.0
2769.0
4131.5
3651.5
2477.5
2547.0
2504.5
2531.5
2934.0
2615.5
2987.0
3483.5
2536.0
4375.0
2511.5
2640.0
3154.5
2580.5
2612.5
3524.0
4549.0
2626.5
2487.5
2459.5
2775.0
2933.0
2773.0
2548.5
6888.0
11756.5
8878.5
2603.5
3430.0
11620.5
2804.5
3386.5
3516.5
4393.0
2567.5
2670.0
2835.5
2517.5
2476.0
2496.0
3506.5
2624.5
3313.0
2777.5
8348.0
2754.5
2794.5
3706.5
2815.5
7733.0
3000.0
2911.5
3325.5
2989.5
3803.0
6340.5
3288.0
2894.5
2857.0
2748.0
3159.0
4349.0
2781.0
2846.0
3025.0
2510.0
2911.0
3670.5
2570.5
3977.0
4850.0
2851.0
2612.0
2867.0
2559.5
2692.5
2639.5
2679.5
3819.5
2626.0
2687.0
2743.5
2615.5
2620.5
2760.5
2773.0
4401.5
2705.5
3597.0
2919.0
6115.0
2826.0
2452.5
18088.5
3517.5
2945.5
2406.5
3457.5
2552.5
7037.5
6312.5
6136.0
7501.5
11036.5
12203.5
9186.5
2978.5
7103.5
3313.5
4164.5
2873.5
2835.5
3179.5
3030.0
3305.5
2611.5
2413.0
3569.0
3537.0
2939.5
4568.0
8716.0
4697.0
3071.5
2920.0
2554.5
2849.5
2517.0
2580.5
2579.0
2727.5
3529.0
2659.0
3507.5
4837.5
2916.0
3182.5
2971.0
3323.0
3459.0
2607.5
2571.5
2571.0
2740.5
2621.5
3447.0
3424.0
3892.0
2626.0
3444.0
2577.5
2812.0
2862.0
2751.0
2977.5
2697.0
3527.0
2849.5
2820.5
2678.5
2829.5
2654.5
2860.0
2642.5
2794.0
4048.5
4039.0
3311.5
3175.5
2759.5
2594.0
3129.5
2745.5
4070.0
2556.5
2520.5
2913.5
2491.5
2502.0
2505.5
3434.0
2549.0
4061.5
4330.5
3243.5
4539.5
3219.0
2528.0
5229.0
5180.5
2567.5
2584.0
2740.0
2554.0
4502.5
2640.5
3741.5
2599.0
3208.5
2790.0
2922.0
2634.0
2868.5
2457.5
2608.0
3534.0
2565.0
2741.5
2552.5
2572.0
2483.5
2472.5
2498.5
2768.0
3912.5
3107.0
3993.0
3160.5
2920.5
2498.5
2469.0
2456.0
2460.0
3363.0
2615.5
2545.0
2846.0
8476.0
2815.5
2681.0
3639.0
2914.0
4457.0
2953.5
2431.5
2624.5
2481.0
2493.5
3724.0
3717.5
2904.5
2746.5
2537.0
2792.0
2899.0
3556.5
2431.0
3570.5
3890.0
2670.0
3015.5
2983.5
2800.5
2650.0
2771.0
3139.5
3564.5
2966.5
2485.5
2617.0
2676.5
2578.5
2855.0
2956.5
4071.0
4032.0
3172.0
3053.0
2679.5
2517.5
2508.0
2970.0
2924.0
4033.5
2890.5
2629.5
2538.5
2501.5
2617.0
4860.5
2613.0
3988.5
3458.0
2568.0
2771.0
2504.0
2551.0
2464.5
2478.0
2483.0
4110.0
3414.5
4038.0
3108.0
3372.0
2575.5
2780.5
4192.0
3372.5
7466.5
6904.5
6148.0
7445.0
6330.5
6454.5
7513.5
2713.5
3521.5
2701.0
2538.5
2721.5
2751.5
2608.5
2872.5
3349.5
2638.5
2661.5
2762.5
3061.0
3058.5
3135.0
3053.0
3958.5
3242.0
3365.0
2641.5
2804.0
2605.5
2610.0
2915.5
2469.5
2663.5
3254.5
2542.0
2507.0
2625.5
2595.5
2642.5
2534.5
2591.0
2571.0
5438.5
3941.0
2503.0
2627.5
2775.0
2517.0
2501.0
2950.5
4006.5
2854.5
2794.0
2777.5
2831.5
2825.5
2824.5
2911.5
4268.0
3203.5
3654.5
2712.0
2667.5
2654.5
2458.0
2497.0
2463.5
3620.5
2755.5
2498.0
2487.0
2490.0
2491.5
2555.0
3029.0
2999.5
3427.0
2549.0
3237.5
2526.0
2551.5
2423.5
2619.0
2854.0
2509.5
2627.5
3934.5
3068.0
2829.5
2685.5
2603.0
2793.5
2527.5
2503.5
3932.5
3027.0
3839.5
2962.5
3470.0
2981.5
2710.0
3028.0
2903.0
5735.0
2727.5
8523.0
3422.5
8688.5
3825.0
2817.0
2607.0
2470.0
6008.5
2518.0
3308.5
2711.0
2836.0
2630.0
2665.5
2738.0
2730.0
2795.0
2726.5
3836.0
2685.0
3354.5
2751.0
7651.5
8927.5
7583.0
2877.5
2916.5
3300.0
10604.0
3560.5
3006.0
13640.5
3592.0
4109.5
3468.0
2969.0
4194.0
3021.5
2928.5
5053.0
2715.5
3237.5
2823.0
2630.0
2548.5
2794.5
5507.5
3418.0
2618.5
3451.5
2752.5
3629.0
2713.5
10380.0
12991.0
8488.0
8063.0
6282.5
6763.5
8858.5
3584.5
2754.0
15812.5
3818.0
3008.0
2904.0
3249.5
2729.5
2643.0
2794.5
2584.0
13363.0
13353.0
15048.5
2731.0
7508.0
3847.5
5094.0
3321.5
17403.0
3228.5
3842.5
2756.0
2598.0
2653.5
2742.5
2681.0
3927.0
3200.0
3966.0
3235.5
3100.0
2688.0
4144.0
3076.0
3813.0
2947.5
2706.5
2808.0
3247.0
3236.5
2738.0
2510.5
4468.5
5075.5
3050.0
3435.5
2969.5
2923.5
2442.5
6204.5
7908.5
3466.0
3127.5
3387.0
3280.5
4610.5
3872.0
3011.5
2999.0
2660.0
2676.5
2411.0
2621.5
3976.5
2928.5
2994.0
2605.5
2550.5
2598.5
2818.5
3116.5
3291.0
4116.5
3535.0
2930.0
2880.0
2941.5
2459.5
3127.5
2903.5
3540.5
2574.0
4768.0
2492.0
2648.0
2926.5
2900.5
2548.5
7400.0
3157.0
2513.5
2875.5
14174.5
3317.5
3136.0
2791.5
2965.5
2727.0
4309.5
2696.0
4280.5
3591.5
2869.0
2524.0
2663.5
2692.0
2844.0
2957.5
4665.0
2624.0
2513.0
2693.5
8350.0
2803.0
2607.0
3796.0
2710.5
3388.5
2943.5
2752.0
2736.5
2814.5
3448.0
3256.5
3962.0
2927.5
2716.5
2629.0
3345.0
2824.0
2677.5
2641.5
3928.5
3776.5
2732.0
2567.5
2529.0
3584.5
3548.0
3084.0
4048.5
2754.0
2476.0
2685.0
2623.5
2685.0
2778.0
2628.0
2727.5
3528.5
7241.5
6395.5
6192.0
7647.0
6275.0
6441.5
6437.0
4085.5
5105.0
3084.5
2823.0
2593.5
3863.0
2573.0
2834.5
3497.0
2650.5
2793.5
2839.5
2708.0
2593.5
2896.0
2603.5
2971.0
3889.0
3922.5
2869.5
2673.5
2892.5
3202.0
2939.0
2833.5
3613.5
2924.0
2527.5
2895.5
3407.0
2536.5
2675.5
3209.0
4215.5
3098.5
3828.5
3072.0
2914.0
2805.5
3133.0
2861.0
2684.0
3886.0
3432.0
3151.5
3535.0
3915.5
3082.0
4484.0
3186.5
4032.0
3681.5
4906.5
3100.5
7942.5
3261.0
3799.0
2860.5
2718.5
4434.5
2918.0
3997.0
7922.5
4486.5
2955.5
2984.5
4571.5
8122.5
14430.0
4426.0
4190.5
5273.0
3023.5
2978.5
3829.5
2540.5
2786.5
3716.0
6356.0
3936.0
2562.0
2461.0
2442.5
2730.5
3991.5
2728.0
3549.5
2519.5
2533.0
2482.5
2461.5
2442.0
2517.0
2469.5
3955.5
2437.0
2562.5
2579.0
2439.5
3124.0
2748.5
2443.0
2615.5
3484.5
2462.5
3380.0
2516.0
2500.5
2561.5
2440.5
3738.5
2702.5
3181.0
2425.5
3071.0
2425.0
2547.5
2525.0
2735.0
2514.0
2667.5
3683.5
2510.5
3408.0
2723.0
2646.5
2553.5
2610.5
6143.5
13669.0
2822.5
2648.0
4918.0
2751.5
3625.0
3474.5
2451.0
2436.5
6880.0
2550.5
2530.0
2463.5
3572.0
2435.0
2477.0
2508.0
2581.5
6460.5
8681.5
7262.0
6925.5
6580.0
8036.0
6459.5
2888.5
2864.5
2614.0
2630.5
4039.0
3929.5
3144.0
3297.0
3034.5
2499.0
2868.0
3161.5
5908.5
2972.5
2825.5
2795.5
3370.5
2972.0
2858.5
3834.5
2743.0
3601.5
2817.0
2736.0
2804.0
2878.0
2465.5
2465.0
3627.5
2695.5
2817.0
2434.5
2522.0
2831.0
2972.0
3200.5
3155.0
3748.5
6444.5
2474.0
2531.0
2434.5
2581.5
2582.0
3150.5
4661.0
2984.5
2606.5
2645.0
5635.0
3780.5
2760.5
3971.0
3453.5
2466.0
2600.5
2609.0
2995.0
2580.5
2688.5
3854.5
3484.0
2787.0
2872.0
3103.5
2996.0
23952.0
2826.5
2721.0
2803.0
3250.0
3662.5
2700.0
3510.5
2692.0
2699.5
2869.5
3081.5
2660.0
3661.0
3556.0
2651.0
2592.5
2797.5
2620.5
2747.5
2711.5
2900.5
3329.5
2653.0
2838.5
6316.0
3141.5
2992.5
2842.0
3684.0
2929.0
3225.0
2633.5
2591.0
2563.5
2582.0
2790.0
2510.0
3612.5
2579.5
2655.5
2557.0
2752.5
2699.0
2643.0
2644.5
2799.5
4048.0
2625.5
3287.0
2587.5
2943.5
2728.5
2737.0
2666.0
2924.5
3367.5
2785.5
6907.0
2788.0
2659.0
2814.5
2861.5
3776.0
2762.0
3581.0
2568.5
2760.5
2582.0
2990.0
2565.5
2558.5
3836.0
2931.0
2748.5
2968.5
3309.5
2609.0
2722.5
2557.0
2544.5
3451.0
2644.0
3363.0
2655.0
2889.0
2624.0
2735.5
3083.5
5516.5
2735.5
2882.5
2744.0
2755.0
2784.0
3655.5
2968.0
3989.0
2899.5
5557.5
2998.5
3775.5
2498.5
2415.5
2500.5
3526.5
2664.0
2506.5
2457.0
8832.5
2529.0
2527.0
3795.0
2522.5
3322.0
2777.0
2537.5
2512.0
2528.0
2449.5
2469.0
2994.0
3827.0
2489.0
3002.0
3070.5
3182.0
2697.0
2594.0
2566.5
3472.0
2615.0
3226.5
2698.5
2772.0
6548.5
7880.5
8139.0
6443.5
6090.0
7875.5
7058.0
2556.0
5301.0
2684.5
3326.5
3666.0
2717.0
2632.0
3076.0
3067.5
2876.5
2899.0
3049.5
4579.5
3567.0
2736.0
2572.5
2849.5
2593.0
2674.0
3436.5
3608.0
2742.5
2688.5
3340.5
2903.0
2819.5
2779.5
2489.0
2608.5
3737.0
3530.5
2465.5
2442.5
2547.5
2554.0
2824.0
2422.0
2543.0
9506.0
2569.5
2539.5
2948.0
3158.0
2927.5
2555.0
4720.0
3277.5
2697.5
2630.5
2596.5
2791.0
2682.0
2780.5
2702.0
3777.0
2581.0
2714.0
2816.5
2752.5
2717.0
2681.0
2723.5
3945.0
2454.5
3319.0
2596.5
2551.0
2951.5
2900.5
4294.5
3328.5
3353.0
2569.0
2622.0
2980.5
2527.0
2570.0
2645.0
2596.0
2456.5
3505.5
3533.0
2529.5
2492.0
2446.0
2712.5
2614.0
2537.5
2501.0
3203.5
2935.5
3493.0
2562.0
2659.0
2697.0
2832.5
2494.5
2492.5
3387.5
2898.0
3250.0
11569.5
2530.0
2687.5
4062.5
2656.5
2489.5
2874.5
3124.5
5937.0
15470.0
2556.5
2820.0
2438.0
2453.5
2494.0
2549.5
3887.5
2486.5
4255.0
2963.0
3159.0
2780.5
2839.0
2526.5
3611.5
3609.0
2724.5
2443.0
2549.5
2453.5
2712.5
2538.5
3785.0
3356.0
2695.0
3327.0
2798.0
2826.0
2591.0
2696.5
2492.5
3740.5
2794.5
3498.0
2529.5
2677.0
2688.0
2508.0
2497.0
2970.0
3582.5
2480.0
2608.5
2406.5
2977.0
4863.5
2541.5
2509.0
2489.5
3628.0
3596.0
2610.0
2581.0
17522.0
2568.5
2558.0
2572.5
2733.0
2634.5
2545.0
2533.5
3992.0
2764.5
3485.0
3025.0
2488.0
3411.0
2497.0
5552.0
8049.5
2927.0
2999.0
2769.0
2721.5
4636.5
3933.5
4262.5
3159.5
2722.5
2548.5
2974.0
7138.5
2639.5
3688.0
3187.5
7639.5
9620.0
7327.5
16277.0
7577.5
6934.0
6292.5
6482.5
8006.0
9772.0
2723.5
3001.0
6969.0
2582.0
2827.5
2565.5
2658.5
2776.5
2488.0
2482.0
2537.5
7293.0
2831.5
2801.0
2604.5
2590.0
2575.0
2810.5
2823.0
3726.0
3348.5
2947.5
2672.0
2677.5
2784.5
2569.0
2677.5
4063.0
2808.0
3678.0
4092.0
2610.0
2807.0
2860.0
2686.5
3982.5
3545.0
3017.5
2841.0
2466.5
3134.5
2490.0
2471.5
3968.5
2692.5
46907.0
65593.5
2538.5
2453.0
3045.5
2548.0
4250.5
5872.5
45582.0
72774.5
3693.0
3807.0
2787.0
2717.0
46546.5
73940.5
2657.5
2561.0
2565.0
2760.5
48131.5
67680.5
78037.5
2905.5
2770.5
2669.0
2941.0
3085.0
3741.0
4828.5
2970.0
7234.0
12986.5
24188.5
3780.0
7878.0
2844.5
2846.5
2836.5
3033.5
2954.5
3439.0
3799.0
3612.5
3022.0
2716.5
2921.5
2962.0
2752.5
3623.0
2713.5
3696.0
2726.0
2860.0
2766.5
9376.0
15229.5
10853.0
7550.5
6473.0
6700.0
8125.0
2782.0
2509.5
2738.5
4592.5
2512.0
2515.5
2865.0
3544.0
3673.5
3063.0
3793.0
2986.0
3126.0
3223.0
3242.5
3810.5
2768.0
2543.0
5155.5
2822.0
2578.0
2643.0
3964.5
2708.0
3563.5
2827.0
2883.0
2655.0
2883.0
2862.0
2680.0
4071.5
2631.0
2898.5
2951.0
2901.5
2693.0
2433.5
2444.0
2617.0
4331.5
3600.5
2689.0
2614.5
8558.0
2809.5
3690.5
2801.0
3177.5
2600.0
3494.0
5927.5
2985.0
3935.5
6032.5
3339.0
2524.5
2647.5
8475.0
3325.5
2877.0
2833.5
2785.0
3033.0
2738.5
3520.0
2758.0
4097.0
2873.0
3413.0
2898.5
2860.5
2814.0
2815.0
3048.0
3689.5
3418.0
2652.5
2839.0
2873.5
2882.5
2766.0
2825.0
2540.5
3691.5
2698.5
3876.0
2636.5
2532.0
3544.0
2501.5
2749.0
2810.5
4202.5
2930.5
2645.0
2829.5
2759.5
2723.0
2619.5
2984.5
4440.0
2541.0
3830.5
2719.5
2765.0
2780.5
2906.5
2731.0
2687.0
3929.0
2535.5
2689.5
2962.5
2775.5
2403.0
2433.0
2775.5
2606.0
3453.0
2751.5
4145.0
2795.0
2770.5
2686.0
2580.0
2472.5
2467.5
3554.5
2465.5
2521.0
2491.0
2902.0
3644.5
2505.0
2546.0
3988.0
3291.5
3481.0
2814.5
2682.0
2609.5
2827.0
2497.5
2560.0
2531.0
3789.5
2514.0
2592.5
2558.0
2782.0
2470.0
2544.5
2551.0
2487.0
3568.5
3627.5
2659.5
2678.5
2564.5
2551.0
4508.5
2693.5
3546.0
2541.0
2545.5
2484.0
2488.5
2464.5
2532.0
2818.0
2741.0
4235.0
3271.0
3703.5
2465.0
2467.5
2525.5
2515.0
2469.5
2524.5
4516.0
2456.5
2477.5
2522.5
2545.5
2526.5
2827.5
2473.5
2583.5
4753.5
2562.5
3728.5
2629.5
2688.0
6190.5
6423.5
7121.0
6268.0
6464.0
7468.5
7124.0
2894.5
2776.0
2663.0
2663.0
2818.5
2620.0
3566.0
2692.5
2575.5
2583.0
2502.0
2498.5
2768.0
7581.5
2523.0
3387.0
2547.0
2839.5
2469.5
2529.5
2488.0
8435.5
2790.5
2693.5
2592.0
2613.0
2543.5
2780.5
2564.0
3960.5
47512.5
2507.0
3439.0
4132.0
6455.5
2510.0
2480.5
2424.0
2458.0
2650.5
3754.5
2902.5
4407.0
2610.5
2502.5
5198.0
2764.5
3532.0
4115.5
2837.0
2528.5
4252.0
2759.0
2537.0
2544.5
3309.5
3151.0
2943.0
2815.5
2474.0
2520.5
2574.0
2583.5
3137.5
3773.5
3721.0
2610.0
2646.0
2837.0
2674.5
2544.0
2894.0
2846.0
3632.5
4476.0
2693.0
2689.5
3433.5
2633.5
2870.0
2777.5
3824.0
3671.5
2749.0
2766.0
2843.5
2880.5
2892.5
2692.0
3949.5
2788.0
2854.5
2889.5
2748.0
2711.0
2825.5
2668.5
2921.0
3891.0
3717.0
3252.5
2858.0
2759.0
2848.0
2526.5
2596.5
2760.0
3431.5
2558.5
2681.5
2459.5
2723.0
2551.0
2687.5
2519.0
2802.5
3435.0
3626.0
2762.5
2650.5
3630.5
2543.5
2805.5
2519.0
3787.0
2820.0
2780.0
2840.0
2733.5
3489.0
2521.5
2627.5
2660.5
4254.5
3429.0
2662.0
2727.5
9488.0
2793.0
4396.0
2734.0
2651.5
4900.5
2641.0
5427.5
3207.0
5168.0
3407.5
2684.0
2822.0
2533.0
6045.5
7965.5
8021.0
8176.0
7935.0
7246.0
7585.0
2459.5
2493.0
2538.0
3479.0
2498.0
2980.0
2514.0
2732.5
2552.0
2532.5
2502.0
2984.0
3540.5
2445.5
3328.0
2651.0
2564.5
6745.0
2506.0
6661.0
4864.0
2951.5
2507.5
2627.5
2528.5
12454.5
4322.0
2522.0
2539.5
2506.5
2936.5
2591.5
2455.0
3427.5
2551.5
2610.5
2659.0
2658.0
2516.5
2588.0
2879.0
2518.5
3450.0
3488.5
2518.0
2477.0
2572.5
2678.5
2672.5
2671.5
14771.5
2751.0
2774.5
2977.0
3198.5
3779.5
2657.0
3781.5
2725.5
7503.0
2846.5
2841.0
2525.0
3499.5
4415.0
2782.0
2774.0
2676.5
4930.0
2895.5
3497.0
3906.0
2988.5
2562.0
2592.5
2550.0
2780.0
2873.0
2632.5
3992.5
2543.5
2711.0
2645.0
2598.5
2705.0
2680.5
2561.5
2639.0
3675.0
3497.5
2572.0
10776.0
6100.5
5533.0
2666.0
2645.0
2641.0
2853.5
2576.5
2717.0
2530.5
4234.5
3589.0
2916.0
2556.0
2588.0
2581.0
2663.5
2779.0
2670.0
3579.0
2674.0
3228.0
2841.5
2706.5
2559.0
2604.5
2767.5
4246.0
2853.0
3527.5
2633.0
2671.5
2738.5
2713.0
2576.0
2568.5
3352.5
2652.0
3483.5
2692.5
2582.0
2840.0
3078.0
4579.5
4006.0
3856.5
2525.5
2622.5
2698.0
2801.5
2630.0
2777.5
2526.0
3480.5
2974.5
3609.5
2581.5
2665.5
2467.0
5015.0
2461.5
7997.5
3564.5
7807.0
2888.0
7981.5
4784.0
2454.0
2669.0
3193.5
2640.0
2497.5
2536.5
3538.5
3753.5
2541.0
2486.5
2499.0
2524.0
2541.0
2547.0
3840.0
5727.0
8373.5
2851.0
5068.0
6367.0
10959.0
4168.0
2770.5
3375.0
4267.5
2832.0
2672.5
6039.0
2883.5
2653.0
2847.5
3905.0
2912.0
3306.5
2602.0
2732.5
2708.0
2569.5
2617.0
10090.0
6708.0
6821.5
7674.0
7501.0
6187.5
6461.0
2960.5
3382.5
2749.0
2762.0
2711.5
3242.5
3041.5
4364.0
2903.5
3657.5
2562.5
3416.5
2556.5
2550.5
2505.0
2537.5
2747.5
2687.5
3976.5
2825.0
3020.0
2523.0
2860.5
2555.5
2590.0
2563.0
6004.0
4718.5
3094.0
2649.0
3754.0
2677.0
3298.0
2797.5
4198.0
2895.5
3853.5
2916.5
7294.5
3370.5
4077.0
4635.0
2947.5
2790.5
2772.0
2988.0
2673.5
2952.5
3701.0
3377.5
3643.5
3060.0
4788.5
3648.5
3721.0
4671.0
4609.5
3753.0
3331.0
3376.0
3944.0
5116.0
5518.0
3865.0
3894.5
3211.5
3614.0
4476.5
3502.5
5527.0
4018.5
3573.0
3398.5
18624.0
3421.0
3502.0
2853.0
4423.5
4698.5
3841.5
2707.0
3716.5
3580.0
3233.0
5232.0
7085.0
6400.5
4205.5
3100.0
4312.5
3881.0
3715.5
3203.5
4626.5
4001.5
5413.5
3499.0
4233.5
3861.0
5227.0
5989.5
3879.0
4026.5
3972.0
5020.5
4052.0
3372.5
4480.5
4375.5
3724.0
3786.5
3928.0
3973.5
4530.5
4763.5
3698.0
3961.5
3332.5
3957.0
5374.0
4133.0
3429.5
3156.5
3733.0
3932.5
2716.0
4006.0
3215.0
4136.0
2974.5
3418.5
3021.0
3654.5
3798.0
4106.5
4211.0
2881.0
3395.5
3273.5
2449.5
2602.5
3421.5
2770.5
3818.5
2783.5
2696.5
2876.0
2682.5
2860.0
2492.0
8370.5
6203.5
6508.0
7711.0
10084.0
7234.5
6678.5
5444.5
2620.5
3162.5
11794.0
3897.0
2667.5
3198.5
3677.5
2808.5
3632.0
2723.0
2729.0
4321.5
3425.5
13281.0
2729.5
2707.5
6272.0
12909.5
10486.0
3098.5
5037.5
2710.5
2740.5
6407.0
3778.5
2596.5
3375.0
2864.5
9153.0
8455.5
3446.0
3923.5
2513.0
2512.5
2554.5
2529.5
2916.5
2929.0
3659.0
4744.5
3160.5
2881.0
3110.5
2995.0
2890.5
3025.5
6864.0
2612.5
3188.5
8916.0
40894.0
43456.0
2859.0
2872.5
2637.0
2967.5
2536.0
2926.0
2858.0
4260.0
3609.0
2914.0
2910.0
5472.5
2550.0
2743.0
3011.5
3505.0
2553.0
2853.0
2637.5
2626.5
2699.5
2545.5
2618.0
4195.5
2873.0
3475.0
3547.5
2766.0
2551.0
2543.0
2776.5
2648.0
3254.5
2663.5
2494.5
2547.0
2482.5
2517.0
2821.0
2532.0
2788.0
4057.0
2971.0
3404.0
2967.0
2622.5
2644.5
3589.5
2588.0
2812.5
3990.0
2646.0
2693.0
2522.5
3993.5
12417.5
11691.0
12329.0
3515.0
2898.0
2525.0
4048.0
2877.0
2588.5
2768.5
4460.0
3011.0
3886.0
2877.5
2934.0
2951.0
2688.5
2752.0
2677.0
3589.5
2669.0
2734.5
2817.0
2625.0
2862.0
3006.5
3422.0
4034.5
2820.0
3771.5
2871.5
2841.5
2743.0
2722.5
2594.5
2641.0
3808.5
2933.0
10063.5
3485.0
8862.0
7511.0
6662.0
6498.0
7928.5
7472.5
2983.5
3302.5
3344.5
4334.5
4322.5
2998.5
2653.0
2921.5
2784.5
3063.5
2656.5
2999.5
3610.5
2858.0
2836.5
2613.0
2786.5
4023.5
2705.0
2729.5
3553.5
3572.5
2837.0
2679.5
2717.0
2625.5
2599.0
2854.5
2899.0
6150.0
4282.0
7386.0
3419.5
3380.5
4338.5
3575.5
2690.5
2821.5
2686.0
2871.5
2657.0
2725.0
3879.5
2763.5
2900.0
2907.5
2653.5
2710.5
2642.5
2638.0
4539.0
2828.5
3585.0
2705.5
2674.5
7403.5
2631.5
2802.5
3589.5
2954.5
7709.0
3299.5
2861.0
2654.5
2776.0
3746.5
4299.0
2574.5
3505.5
2854.0
2619.5
2625.5
4225.5
3541.0
2729.5
2840.5
2749.5
2767.5
2926.0
4505.5
4973.0
9770.0
7176.5
2805.5
2680.5
3264.0
2742.0
2676.5
2778.0
7241.0
2576.5
2771.5
4010.5
4893.5
7630.0
3656.0
2706.5
2564.0
3209.5
6128.0
2957.0
3025.0
2913.5
3023.5
3578.5
4696.0
5657.0
2897.0
2713.0
3617.5
3971.5
2780.0
2896.0
3755.5
2899.0
2832.0
3552.0
3464.5
3065.0
2930.0
3880.5
2944.0
3507.0
2965.0
2788.5
2848.5
2869.0
2891.0
2766.5
3576.5
2671.5
2654.0
8422.0
2827.0
2917.0
2641.5
3566.5
3426.5
2575.0
3005.5
2580.0
2837.0
2490.0
2576.5
2718.0
3635.5
2515.5
2576.5
2481.0
5966.0
6073.5
7280.5
6649.0
5889.5
6028.0
7940.5
2660.5
2695.0
2450.5
2516.0
2452.0
2550.0
2416.5
3477.5
2453.5
3309.0
2734.0
2483.5
2454.0
2506.0
2469.0
3028.5
2463.5
3297.0
2642.0
3074.0
2403.5
3278.5
2794.0
3535.0
2749.0
3612.5
4063.5
2951.5
2448.0
2470.0
2440.5
2607.5
2599.0
2445.5
3441.0
2565.5
9089.0
24042.0
2922.0
2702.5
2477.0
2613.5
3044.0
3391.5
2774.5
2769.5
2911.0
2942.0
2953.5
2774.5
2795.5
3951.0
2777.5
3422.0
2871.5
6774.5
2680.5
2889.0
2759.0
3563.5
2785.5
2879.0
2806.5
2896.0
5332.0
3629.5
3745.0
5327.0
2701.5
2473.5
2534.0
3868.5
2532.5
2482.5
3708.0
2909.0
2978.5
2963.5
2857.0
5024.0
7267.0
2805.0
3560.0
2876.5
2877.0
2957.0
2878.5
2766.0
2901.5
3521.5
2694.5
2715.0
2668.0
2979.0
2750.0
2727.0
2691.5
2581.0
3521.5
7453.5
4676.0
3382.0
3009.5
2629.5
3522.5
2765.0
3487.5
2987.0
2877.5
2993.0
3087.5
3009.5
3607.0
2599.0
3702.0
2533.5
3022.0
2520.5
2557.0
2577.0
3427.5
3321.5
2565.5
5758.0
2718.0
2635.0
3136.0
3337.5
2459.5
3394.5
3709.5
2877.0
3070.0
4863.5
2943.0
2895.5
3007.0
3620.5
4494.0
2790.0
2745.0
2674.0
2695.5
2735.5
3835.5
2708.0
3639.0
2507.5
2860.0
2468.0
2403.5
3057.0
2425.5
3187.0
3876.0
2537.5
4389.0
2480.0
2584.0
4996.5
5044.5
2733.5
3633.5
2516.0
2916.0
2555.5
2585.5
2423.5
2430.0
2431.5
3393.0
2494.5
2797.0
2940.5
2839.5
2711.5
2685.0
2613.5
2497.0
3455.5
3865.0
2534.5
2701.5
2734.5
2637.0
3007.5
2666.0
3113.0
3337.0
2722.0
2993.5
2735.5
2936.5
2496.5
2731.0
2868.0
4326.5
2565.5
7390.0
6214.5
6412.0
7928.0
6531.5
6928.0
9306.0
3657.0
3908.0
5084.5
2785.0
2499.0
2469.0
3357.5
2733.5
2752.5
2691.5
7152.0
2781.5
2808.0
4144.5
2806.0
3765.5
3041.0
2891.5
2754.5
2909.0
2739.5
3154.0
3954.0
2941.0
3423.0
4966.0
6039.5
2701.5
3635.0
4145.0
2921.0
2781.5
2783.5
7138.0
2719.0
3671.5
2760.5
2744.0
2536.0
6918.0
2552.0
2754.5
3420.5
2490.5
3223.0
2484.0
2485.5
2517.0
2875.5
3399.0
2619.5
2709.0
3687.5
4421.0
3599.0
2680.5
2695.0
2657.5
2485.5
2507.0
5231.0
3042.5
3416.0
3782.0
2731.0
2552.0
2521.5
7078.0
2558.0
2758.5
2467.5
2605.5
2450.5
2485.0
3000.0
3914.5
2535.0
3674.5
2897.5
2641.0
2643.5
2536.5
2497.5
2655.5
2523.5
3614.0
2688.0
2750.0
2747.5
2908.0
2535.0
3171.0
2750.5
3488.5
7673.0
2547.0
7172.5
3549.5
2584.0
4693.0
2698.5
2554.0
2473.5
2488.0
2489.0
2519.0
2504.0
2561.5
3673.0
3720.5
2742.5
3821.5
2574.0
4242.0
4084.5
3631.0
2972.0
2852.0
2534.5
2502.0
2544.0
2606.0
2644.5
2520.5
3511.0
2785.0
5930.5
2861.0
2814.0
3114.5
3475.0
6543.5
4513.0
2592.0
2570.5
2684.5
2596.0
2598.0
2561.0
3630.5
5308.0
2772.0
3593.5
2664.0
2632.5
2528.5
2668.5
3890.5
2711.0
2833.5
2736.5
2572.5
2554.0
2585.5
2733.5
2585.5
3646.0
2875.0
3384.5
2772.0
2892.0
2589.0
2806.5
2678.5
2935.5
4285.5
2640.5
2597.0
2722.0
2656.0
2909.5
4659.5
2863.0
4189.5
4138.0
4819.0
2684.5
2644.5
3079.0
2771.0
2819.5
3740.5
2717.5
2576.0
2893.0
15856.0
3816.0
2777.0
2648.5
7293.0
3082.5
2803.0
4716.0
3029.0
6530.0
7030.5
7671.5
7341.5
6852.0
19750.5
6299.0
2706.5
6043.5
6265.0
2865.0
4628.5
2955.0
2741.0
3301.0
3856.0
2944.0
2892.5
2652.5
2666.0
2843.5
2829.5
2669.5
4260.0
3250.5
3551.5
4422.0
6603.5
2787.5
2885.0
3774.0
2770.5
2604.0
2571.0
2755.0
2820.5
2699.0
2566.5
2877.0
3991.5
2594.5
3527.0
2787.5
2799.0
2765.0
2590.5
2598.5
3122.5
3506.0
2625.5
2627.5
2774.5
2676.0
2707.0
2969.5
2826.0
5762.0
3711.0
2750.0
4498.0
2855.0
2639.5
2777.0
2596.5
3444.5
2903.5
2814.5
2806.5
2763.5
2746.0
3136.5
2765.5
3004.0
3725.5
3589.5
3039.0
2685.5
2665.0
3400.5
2612.5
2867.0
3327.5
2648.0
2632.0
2710.5
2622.0
2686.5
2561.0
2788.5
2680.5
3583.0
2829.0
3423.0
2824.0
2958.5
3046.0
2935.0
2914.0
5121.5
2819.5
2591.5
2821.0
2715.0
2813.5
2842.5
2596.0
2487.5
3632.5
2869.5
3458.5
2698.0
2944.5
2839.5
2712.0
2714.0
2556.5
3933.5
2605.0
2628.0
4938.5
2933.0
2597.5
2707.5
3021.0
3622.5
3686.0
4563.0
6592.0
2739.5
2789.5
2958.5
3640.0
2646.0
2915.0
2706.0
2606.5
2566.0
2794.0
2734.5
3885.5
2894.0
3479.5
3038.0
2691.0
2786.0
2599.5
2514.5
2548.5
3487.5
2983.0
2793.0
2588.5
2779.5
2767.0
2705.5
2994.5
2684.5
4365.0
3637.0
3430.0
2603.0
2752.0
2568.0
2578.0
2738.5
2505.0
3478.5
2510.0
2500.0
2644.0
4571.5
2820.0
2909.0
2459.0
3576.5
2455.0
3672.0
2496.0
3582.0
2614.0
2549.5
2576.5
2539.5
3552.5
2734.0
4507.5
2694.5
2802.0
2934.5
2702.0
2925.0
104470.5
80318.5
2613.5
2983.0
3165.0
3201.0
2605.5
2671.5
2719.0
4997.5
3231.0
3046.5
3459.5
3037.0
2617.5
2630.5
2873.0
7560.0
6758.0
6714.5
7773.0
7493.0
6671.0
6487.0
2858.0
3750.0
2924.5
3110.0
3400.0
2719.0
5208.0
2568.5
4247.0
3603.0
3410.5
2735.0
2866.5
2819.5
2952.0
2840.0
12121.5
2712.5
2773.5
2561.0
2929.5
2666.0
3739.5
3743.5
2859.0
2557.0
3929.5
2757.5
2778.5
7352.0
3013.5
4044.0
2767.5
2765.0
3578.0
3555.0
4480.0
10391.0
4591.5
2657.5
2699.5
2933.0
5297.5
3047.5
2785.5
2777.0
2514.5
2603.0
2474.5
2427.5
4315.0
2956.5
3315.0
2746.0
3980.5
4579.5
3027.5
3041.5
4005.0
3046.0
2710.5
2524.0
4391.5
2564.5
2666.5
2788.0
5508.0
3677.0
2506.0
2545.5
2780.0
3123.0
3529.5
2881.5
3405.0
2478.5
2454.5
2626.0
2503.0
2962.5
6799.5
3499.0
2647.5
3956.5
2602.5
2792.0
2591.0
2517.0
3454.5
2877.5
3437.0
2551.0
2632.5
2634.0
2464.5
2660.0
2574.5
2477.0
2499.0
9235.0
2656.5
8154.5
2847.5
2694.5
3705.5
2696.5
3683.5
8695.5
5422.0
2551.0
3502.0
3473.5
2688.5
2683.5
2487.5
2809.0
2725.5
2518.0
2727.0
3408.0
2512.5
2778.0
2583.0
2633.5
2733.0
2509.5
2550.0
2539.0
3604.0
2756.5
3372.0
2766.5
2900.5
2457.5
2744.0
2625.5
2681.0
3188.0
2526.0
2658.0
2439.5
2480.0
2467.0
2511.0
2495.0
2418.0
2416.0
3733.5
3431.0
2431.0
2529.5
7071.5
2815.5
2541.5
2529.5
3498.5
2436.0
3375.0
2508.0
2480.0
2759.0
2817.5
2481.0
3934.5
2540.5
3216.0
2765.0
2533.5
2552.0
3943.5
2573.0
2824.5
3265.0
2774.5
2917.0
2678.0
2865.0
2545.0
4055.5
2863.5
4216.5
5891.5
2827.5
3417.0
2500.5
7823.0
4785.5
4409.0
2552.5
2537.0
2717.5
2549.5
2490.5
2559.5
3953.5
2684.5
3481.5
2696.5
2495.0
9021.0
7311.0
6232.5
6229.0
6780.5
8145.5
6484.5
3252.5
2540.0
3147.0
2729.5
3904.5
3058.5
3053.0
2455.5
2994.0
2564.0
2577.0
3051.0
3128.0
9826.0
3330.5
2807.5
2912.5
2625.5
2479.5
2955.5
3498.0
2719.0
2671.0
2590.0
2462.0
2495.0
2471.0
2567.5
2535.0
3594.0
3816.0
2486.5
7612.0
2797.0
2597.5
2534.0
3956.5
2946.5
2620.5
2962.0
2761.5
2532.5
2894.5
2499.0
2531.5
3475.0
3596.0
2561.0
2794.5
2560.5
2809.5
2616.5
2576.0
2723.5
4144.0
2594.0
2855.5
2677.5
2533.0
2581.0
2759.5
2582.5
2602.0
3554.5
3693.0
2699.5
2463.5
2711.0
2541.0
2677.0
2566.5
2767.5
3490.5
2537.0
2479.0
2602.5
2918.0
3153.0
2734.5
2578.0
2482.0
3525.0
4304.5
2571.5
2473.5
2889.5
2625.5
2491.0
2813.0
2499.0
3652.5
2514.5
2624.5
2568.5
2729.0
2525.5
2485.5
2611.5
2783.0
4057.0
3581.0
2864.5
2612.5
2770.0
2952.5
4032.0
2807.0
3840.5
2562.5
2676.5
2606.5
2931.0
2534.0
2519.0
2571.0
2684.5
3563.0
2502.0
3586.5
2626.0
2755.5
2637.5
2522.0
2944.0
3000.5
4098.0
3074.5
3163.0
2669.5
3057.0
10069.5
3825.5
3566.5
2767.0
2659.5
2518.5
2674.5
2581.0
3936.5
3469.5
2884.5
2753.0
2906.0
7359.5
2526.5
2590.5
4499.5
2415.0
3510.0
2497.5
2408.0
2614.5
2671.5
2743.5
2683.5
3640.0
2685.0
2500.5
2397.5
2787.5
2670.0
2475.0
2437.0
2675.5
3998.0
2700.0
3338.5
2723.0
2750.5
2720.5
2716.0
2675.0
2736.5
2644.5
3584.5
2799.5
2713.0
2821.5
2788.0
2506.0
2648.5
2587.5
3759.5
2433.0
3330.0
2797.5
2506.0
2754.0
2777.5
2762.0
2642.5
2772.5
3569.0
2650.0
2681.0
2777.0
2800.5
2718.5
2974.5
3503.0
9362.5
6657.5
6776.0
7833.0
6605.0
6064.0
3656.0
2789.0
4600.5
12534.5
2806.5
2850.0
2704.5
3182.5
3708.0
2841.0
2839.0
2670.0
2862.0
2757.5
2751.5
2839.0
3551.5
2932.5
3450.5
2811.5
2726.5
2548.5
2749.0
2540.5
3071.5
5314.5
3292.0
3236.0
2586.5
3155.5
2891.5
3308.0
3966.5
2798.0
3377.5
3419.5
2819.0
2449.0
5023.0
3940.0
4726.0
2793.5
2437.5
3905.0
2776.0
8277.5
3621.5
4239.5
5363.5
3242.5
2528.0
2445.5
2624.5
2622.0
6168.0
4839.0
2764.0
2690.5
2613.0
2690.5
5867.0
5805.0
2933.5
2716.0
2492.5
2488.5
8904.5
2555.0
2577.0
2494.5
2525.5
2508.0
3124.5
2693.5
2611.0
3795.5
2770.0
3271.5
2469.5
3978.5
2494.5
2450.5
4085.5
7957.5
6841.5
3148.0
2692.5
10256.5
4063.0
2872.5
2551.0
2589.0
2859.5
2630.5
2526.0
2978.5
3451.5
2613.5
3009.5
2743.5
3006.5
2556.0
2820.5
2503.5
3972.0
2725.0
3514.0
2515.5
2737.0
2635.5
2739.5
2695.0
2765.0
3327.5
2808.0
2633.5
2680.5
2724.5
2601.5
2666.0
2556.5
2377.5
3825.5
2703.5
3863.0
12243.0
2479.5
2447.5
3441.5
2475.5
2587.0
3242.5
5343.5
2554.5
2851.5
2559.0
3822.5
3480.0
2519.5
2574.0
2858.5
2558.5
12006.0
4937.0
2654.5
7983.5
10661.5
9755.5
18763.0
6865.5
6726.0
9441.0
8916.0
7563.5
3041.5
3636.5
3012.5
2858.0
2784.5
2673.5
2565.0
2957.0
3365.0
5045.0
2679.5
3690.0
2696.0
2976.0
2928.0
6100.0
2848.0
4008.5
4018.5
2749.0
2564.0
2766.0
7332.0
3745.5
13193.5
3044.0
2790.5
2572.5
4468.0
2934.0
2646.0
2802.0
2935.5
3679.0
3373.0
2939.0
3659.5
2870.5
3399.0
2884.0
2698.0
2988.5
2970.0
2629.0
2733.0
3476.5
2617.5
2700.0
2979.5
2798.5
3154.5
3253.0
2854.0
3785.5
2826.5
3932.5
2697.0
3197.5
2660.0
2505.5
2466.5
2452.5
3160.0
3347.5
2495.0
2443.5
2484.0
2554.0
2691.0
2678.5
5639.5
2548.0
3383.5
3084.0
2550.5
2549.0
3307.5
2492.0
2492.5
2462.0
3463.0
2419.0
2778.5
2653.5
2756.5
2957.5
2725.5
2470.5
4036.5
2638.0
3296.0
2703.0
2589.0
2592.5
2479.5
2572.0
2684.5
2631.0
3288.5
2494.0
2749.5
2590.0
3148.5
2737.0
2480.0
2626.5
2528.0
3478.5
3478.0
2578.0
2635.0
2478.0
2636.5
2614.0
2994.5
2570.5
3968.5
2927.0
3826.0
4189.5
2483.5
2794.5
2762.5
2730.0
3459.0
3386.5
2631.5
2466.5
2455.5
2607.0
2536.5
2555.0
2543.0
3520.5
4423.0
2600.5
2862.0
2652.5
2570.5
2702.5
2642.5
2727.5
3609.0
3529.0
7378.0
2935.0
2602.5
2576.5
2714.5
3673.0
2825.5
2740.0
3280.0
8433.0
2781.5
3699.0
5433.5
2749.5
2972.0
5424.5
2658.5
2741.0
2594.0
3968.5
5882.0
4018.0
6004.0
2567.0
4046.5
22009.0
6820.0
2667.0
7729.0
2663.5
2502.0
2529.0
3408.0
3908.5
15926.0
5163.5
3379.0
3067.0
3341.5
3034.0
2719.5
2939.0
2809.0
2584.5
3861.0
2626.5
3416.5
2646.0
2810.0
7166.0
2841.0
3663.5
2954.0
3475.0
6699.5
6194.0
7779.5
9240.0
8899.0
7841.0
6165.5
3276.5
2526.0
2496.0
2593.5
2496.5
3828.5
2465.5
3252.0
2842.5
7206.0
2756.0
2508.5
5757.0
2792.0
4158.0
2939.0
2777.5
2608.5
2752.5
6499.5
2581.5
3899.5
2620.5
2671.5
3658.5
4772.5
2698.0
3700.5
2879.5
2659.0
2701.0
2744.5
2525.5
2774.0
2585.5
10244.0
16722.0
2870.5
3973.0
2636.5
2603.5
2721.0
2608.0
2648.0
4716.5
4748.5
2920.0
3494.0
2781.5
2624.5
3345.5
2959.5
3166.5
2778.5
3616.0
2664.5
2815.5
2665.5
2729.0
2664.5
2776.0
2632.0
3573.0
2536.5
3310.5
2558.0
2559.0
2804.0
2649.5
2880.5
2916.5
3001.5
4059.5
2885.5
2730.5
2746.5
2841.5
3734.5
2730.0
4418.5
3241.5
3714.5
2767.0
2582.0
2641.0
3378.5
2984.5
2695.5
3489.0
2843.0
9342.5
2600.0
2903.5
2782.0
3645.0
2748.0
4662.0
2679.0
2529.5
2845.5
2690.0
2765.5
2943.0
3743.0
2923.0
2975.5
2986.0
2962.5
2900.0
2684.0
10350.0
11794.0
3824.5
2590.5
4306.5
3093.0
3022.5
2770.5
2884.5
2646.5
2619.0
2812.5
3296.0
2770.5
3386.5
2612.0
2537.5
2653.5
2779.0
3186.5
3051.0
3468.0
2684.5
2787.5
3046.0
2559.5
2621.0
2773.5
3796.0
2747.0
3832.0
4140.0
2655.0
2588.0
2788.5
2665.0
2911.0
2794.0
7541.0
6428.0
6394.0
6644.5
8078.5
6446.0
7778.0
4031.5
3639.0
2640.5
2835.5
2871.0
10668.5
6100.5
4742.0
2723.5
2865.5
2570.5
3046.0
2692.0
2527.0
3462.0
2698.5
3083.5
2732.0
2692.5
2998.5
2825.0
2585.0
4707.5
2696.5
3285.5
2651.0
2914.5
2664.0
3084.5
2845.5
2723.5
4043.0
2720.0
2950.0
2798.5
4478.0
2735.5
2737.0
2656.0
3496.0
4331.0
2964.0
3562.5
8855.0
2857.5
14008.5
3081.5
2788.0
2852.0
3172.0
10349.5
11321.5
2663.0
3562.0
2871.5
3123.0
2940.5
2763.5
2670.5
2900.5
2558.5
2861.0
3621.0
3593.5
2958.5
2833.0
2617.0
2748.5
3056.5
2594.5
2810.5
3740.0
3043.5
2917.0
2849.5
2620.5
2788.0
2738.5
2817.5
3688.5
2777.0
3448.5
4616.5
4272.0
2739.5
2880.0
3220.0
3840.0
2608.0
2844.5
2993.0
2678.0
2825.5
2880.5
2682.5
3749.0
2693.0
3879.5
2619.0
2753.0
2662.5
2769.0
3116.5
3595.0
3318.0
3141.0
2615.5
2751.0
2965.0
3252.5
2685.5
3069.0
3697.0
4241.5
3275.5
3054.5
2899.5
2768.5
2679.5
2698.5
3314.5
2662.0
2526.5
2506.5
4322.5
6077.0
2514.5
4825.0
2868.5
20171.5
92847.5
2435.0
2956.0
2820.0
3646.5
2573.0
2742.0
2471.5
2984.0
2588.0
2732.5
2722.0
2594.5
3753.0
2581.5
3591.0
3235.0
3070.0
2524.0
6071.5
8361.5
6633.5
6019.5
6140.0
7626.5
7311.0
2636.5
3085.5
2788.5
2831.5
3507.0
2487.0
2491.5
3183.0
2601.5
2473.5
3059.5
2493.5
3196.5
3475.5
3609.5
3053.5
2607.0
2619.5
3963.5
2875.0
2517.5
4365.5
2610.0
11136.0
2738.5
2542.5
3021.0
3470.0
3569.5
2895.5
2529.0
2563.0
2483.5
2865.0
2765.0
2655.0
3520.5
2644.0
3188.0
2913.0
2925.5
2866.5
2886.0
5767.5
2831.0
3595.5
2690.0
5607.5
4599.5
2897.0
4110.5
2781.0
2520.5
2522.0
2516.0
2497.5
2506.0
2554.5
2759.5
2521.5
4009.0
3963.0
2483.5
2598.0
3067.0
20861.5
5614.0
4435.5
2842.0
4551.5
4171.0
2752.5
2805.5
12199.0
3774.0
3733.0
2655.5
2781.0
2635.5
2813.5
2667.5
2840.0
3626.5
2823.5
3349.5
2687.5
2940.0
3043.5
2468.5
2616.0
2859.0
3362.0
2698.5
2696.0
2700.5
2774.5
2703.5
2883.0
3149.0
6997.5
3728.5
3624.0
2689.0
2993.5
2790.5
2888.0
3928.0
4769.0
2793.0
2745.5
2781.5
2491.5
2673.5
2835.5
2645.5
3794.5
2502.5
3411.5
11076.5
2504.0
2707.0
4051.5
2656.5
2715.5
2785.0
2654.0
11349.0
81490.5
2949.0
2920.0
2905.0
3102.0
10531.0
3494.0
5343.0
2563.0
2536.0
2531.5
3364.5
2932.0
3498.0
2805.0
2741.0
2500.5
2863.0
3997.5
3090.5
3009.5
22646.0
10013.5
6912.0
6349.0
6467.5
8291.5
6463.5
2877.5
3329.5
2886.0
3646.0
3941.5
2806.0
2939.0
2800.5
2805.0
2902.0
2738.0
2948.5
3461.0
2513.5
3293.5
2534.5
5733.0
2983.5
3361.0
4533.0
3005.5
3770.0
4249.0
2773.5
3680.0
21914.0
3872.0
2740.5
2958.5
3996.0
2901.0
3423.5
2619.5
3286.5
2512.0
2703.0
2928.0
3861.5
3823.0
2849.5
2655.0
2892.0
2906.0
2787.0
2618.0
3200.0
3885.5
2914.5
2862.0
2447.5
2645.0
2425.5
2518.5
2536.5
4017.0
2605.0
3436.0
2746.5
2527.0
2533.5
2483.5
2490.5
2607.0
5508.5
2522.5
2857.5
2847.0
2716.0
2408.5
2665.5
2850.5
2971.0
4050.0
3660.5
2651.5
2549.0
2579.5
2525.0
2768.5
2525.5
2543.0
3584.5
2606.5
2784.5
2474.0
2710.5
2852.0
2574.0
2897.5
4257.0
5459.5
2614.0
2962.5
2570.0
2555.0
4328.5
2511.0
2522.0
3406.0
2593.0
2664.5
2738.0
2712.5
2686.0
4314.5
4138.0
2736.5
3638.5
2804.0
2548.5
2580.0
2711.0
2642.5
2649.0
3204.0
3455.0
2540.0
3241.0
3195.5
2840.0
2699.0
2595.5
2777.0
3659.0
2516.0
3470.5
2604.0
2736.0
2582.5
2545.5
2996.0
2778.5
3274.0
2723.5
2700.5
2714.5
7958.5
2653.0
3147.5
4249.5
3645.0
2733.0
2727.0
4399.5
2643.0
2873.5
14442.0
2984.5
2738.5
3493.0
7460.5
3179.0
9345.0
15633.0
6410.5
8007.0
7237.0
8042.5
6968.0
2898.5
2986.5
3684.5
4177.0
2616.0
2564.5
2754.0
4713.5
3480.0
2881.0
4068.5
2524.5
4699.5
3048.5
2536.5
2423.5
2502.0
2486.0
2509.5
4525.5
2500.0
2434.0
2373.0
2572.0
2588.5
2482.0
2749.5
2772.0
3574.5
2508.0
3550.5
2957.0
2683.0
2740.0
2826.5
2605.5
2558.0
3385.5
2688.5
2776.5
2602.5
2694.5
2599.0
2450.5
2889.0
2924.0
4670.0
3747.0
2675.0
2582.5
2526.5
2563.5
2493.5
2507.0
2383.0
3348.5
2575.0
2554.5
2498.5
2574.0
2816.5
2533.0
2503.0
2479.5
3798.0
2496.0
3474.5
2510.5
2578.5
2541.5
2500.5
2887.0
2705.0
3437.0
3480.5
2540.5
2774.0
2624.0
2816.5
2623.5
2554.0
2898.5
3941.5
2558.0
3326.5
2694.5
2758.5
2714.5
2644.5
2712.5
2510.5
2631.0
3831.5
2571.0
2704.0
3215.5
2800.0
2661.0
3297.0
3039.5
3759.0
3651.5
2570.0
3049.0
2670.0
2782.5
2694.0
2806.5
2675.0
3381.5
2663.5
2910.5
2948.0
2572.0
2901.5
2796.5
2585.0
3933.5
2604.5
3577.5
4004.5
2862.0
2807.5
2520.0
2587.0
2571.0
3542.0
2575.0
2724.0
2731.5
2812.5
2664.5
2720.5
2734.0
2875.0
3580.5
3701.0
2594.0
4902.5
3170.0
2641.5
4981.0
3682.0
2692.0
2566.5
2790.5
2732.5
2963.5
2960.5
3197.0
4032.0
2740.0
3368.5
2599.5
8704.0
2472.0
2474.5
2552.0
3449.0
12158.0
2782.0
2898.0
4054.0
3309.5
3532.0
3381.0
7363.5
2637.0
3283.0
3317.0
2862.0
2793.5
2973.0
2563.0
2461.5
2449.5
3167.0
2479.0
3455.0
2519.5
3259.0
2622.5
2591.5
5003.0
2814.5
2485.0
25102.5
7927.5
3484.0
2513.0
2434.0
2471.5
2466.0
2409.0
2985.0
2534.0
3940.5
7172.5
18644.5
8304.0
8755.5
22084.5
13127.0
7881.0
2620.0
2791.5
14094.0
37884.5
18704.0
2822.5
2653.0
2751.0
15346.0
3103.5
2623.5
2810.5
2683.0
3668.5
3429.0
2847.5
2759.0
2661.5
2876.0
12119.5
5967.0
2805.5
2596.0
8832.0
2619.0
12120.0
2882.0
2781.0
3049.5
2909.0
3871.5
2887.0
3395.0
2614.0
3031.0
2630.5
2574.0
2668.0
2690.5
3615.0
3013.5
2745.0
2725.0
2573.5
2703.5
3030.5
2612.0
2521.5
3536.5
2574.5
4142.5
2697.5
2608.0
30879.0
2992.5
4000.0
2897.0
3439.0
2694.0
2813.0
2640.5
2624.0
2721.5
2577.5
2921.0
3590.0
2584.5
3503.5
2741.5
2798.5
2911.0
2656.5
2597.0
3261.5
2670.0
3184.5
2448.5
2443.0
2706.0
2741.5
2440.5
2508.0
2557.0
3437.5
4702.5
2773.5
2585.5
3095.5
2531.0
3670.0
4020.5
2585.0
3337.0
2609.5
2431.0
2587.5
2461.0
2403.0
2510.5
2408.5
3212.0
2730.5
2493.0
2811.0
7907.0
2782.0
2584.5
3836.0
2548.5
3141.5
2626.5
2665.5
2560.0
2566.5
2474.0
2424.5
2439.0
3485.5
4764.0
2988.5
4069.0
13576.0
4632.0
2512.5
2490.5
2529.0
2777.5
2467.5
2494.5
3048.5
3406.5
2546.0
2558.0
2539.0
2472.0
2930.5
2441.5
2487.0
6880.0
3519.0
2590.0
2509.0
2460.5
2629.0
2848.0
2552.5
2444.0
3374.0
6004.0
6614.0
7000.0
8014.0
7195.0
6498.5
12948.0
7237.0
4849.5
9444.5
16126.0
2565.0
2581.5
3029.0
8669.0
3295.5
3650.5
2726.5
2827.0
4179.5
2810.0
3509.0
3246.0
3186.5
2793.0
2678.5
2825.0
2615.0
3391.0
2610.0
2902.5
3158.5
2971.0
2818.0
2832.5
2729.0
4012.0
2869.0
3525.0
2653.5
2805.0
2696.5
2866.0
2627.0
2836.0
3788.0
2749.0
2820.5
2628.5
2910.0
2933.5
3105.0
2738.0
2794.0
3651.5
3651.5
2496.0
2499.5
2713.0
2718.5
2465.0
3569.0
2549.5
3362.0
2469.5
2627.5
2457.5
2660.0
2816.5
3023.5
2396.0
2483.0
3674.0
3689.0
2587.5
2595.0
2895.0
2531.0
2459.0
2478.0
2457.0
3232.5
2740.0
2603.0
2606.5
3598.0
2630.0
2600.5
2398.0
2440.0
3564.0
2406.0
3561.0
2625.0
2676.5
2683.0
2616.0
2653.0
2720.0
3964.5
2558.5
2510.0
2490.5
2432.0
2404.0
2390.5
2589.0
2472.0
2365.0
3622.0
2436.5
3178.0
2890.0
2676.5
2753.5
2671.5
2664.0
2641.0
6876.5
2481.0
3185.5
2488.5
2554.5
6866.5
6204.0
3621.0
2665.5
2620.0
2685.0
2516.5
2658.0
2986.0
3772.0
2892.5
3212.5
2764.0
2717.0
2702.0
5377.5
2613.0
4001.5
3671.5
2590.0
2884.5
8264.0
2758.0
3459.0
3637.0
2670.0
2635.0
2620.5
2855.5
2635.0
2868.0
2802.5
3639.0
5507.5
2567.5
2678.0
2722.5
2600.5
2593.0
2620.0
3145.0
3730.0
2798.0
2718.0
3355.0
2819.5
3053.0
2608.0
2692.0
3811.5
3661.5
2775.5
2849.5
2678.0
2796.0
2664.0
2714.5
3447.5
8282.5
2890.5
2667.5
2776.5
2676.0
2590.0
4190.5
2654.0
3676.5
2721.0
2719.5
2699.0
2752.0
2774.5
2885.0
3327.0
2726.0
3041.0
2726.0
2721.5
2793.0
3432.5
2681.0
2858.0
3593.0
3542.0
8836.0
10372.0
7738.5
7023.0
6159.0
7629.0
7700.5
2503.0
2836.5
2640.5
2568.0
2462.0
3486.0
2514.0
2479.5
2487.5
2649.5
2604.0
2460.0
4491.5
2491.0
5480.5
3534.0
2567.0
2523.0
2460.5
2518.0
2498.5
2406.5
2754.0
4488.0
2669.5
2480.5
2457.5
2677.5
3412.5
4535.5
4679.0
2771.0
3620.0
5006.0
2852.0
2867.5
2503.0
2646.5
3626.5
2711.0
6734.5
2680.0
2653.5
2681.0
2926.5
3974.0
2730.5
3617.5
2808.5
2757.5
2704.0
2635.0
2624.5
2697.0
2680.0
3463.5
2859.5
2715.0
2556.5
2613.5
2724.0
2561.5
2785.5
4470.0
2715.5
4824.0
2640.5
2954.0
2616.0
2780.5
2718.0
2799.0
3844.5
2730.0
2912.0
2616.0
2923.0
2888.0
2529.5
3085.0
3678.0
3871.5
3378.0
2829.0
16470.5
2926.0
5542.5
4048.0
2486.0
2696.0
2656.5
3775.0
2814.5
3476.5
2841.0
2539.0
2497.5
2491.5
2476.0
2524.5
2638.0
3338.0
2556.0
2596.0
2714.0
2565.0
2423.0
2572.0
2642.5
3876.5
2639.0
3487.0
2751.5
2584.5
5935.5
2533.0
2473.0
2502.0
3522.0
2511.0
2895.5
2582.5
6920.5
2758.0
2860.5
3472.0
2810.5
3458.0
3047.5
2758.5
2923.5
2768.0
2587.5
2781.5
3593.0
2718.5
2671.0
2615.5
2578.5
2715.5
2738.5
2789.0
2691.0
3953.0
3562.5
2904.0
3354.0
2696.0
2895.0
2581.5
2800.5
3541.5
2801.5
2689.0
2895.0
2675.5
3250.0
3657.5
22562.5
2829.5
2855.5
2802.0
3791.0
2987.5
2659.0
2793.5
2618.0
2482.5
2537.5
2782.5
4317.5
3048.0
3467.0
3017.5
2640.5
2784.0
2742.5
2687.5
3357.5
3306.0
2577.5
2673.5
2649.0
2602.5
2889.5
2839.5
3082.5
4341.5
2742.5
3266.5
2709.5
2591.5
2520.0
2951.5
3006.0
6695.0
2669.5
2609.5
2501.5
10358.5
9272.0
7485.5
6216.5
6253.5
7707.0
6461.5
2509.0
2456.5
2480.0
2568.0
2555.0
3423.0
3618.5
2556.0
2707.5
2633.5
2522.5
2607.5
4569.5
3448.5
2776.5
2770.5
2656.0
2600.5
2587.0
2619.5
2661.0
2750.0
4134.5
3946.5
2617.5
2583.5
2625.0
2840.5
2797.5
2808.5
2877.0
3296.5
2602.0
2553.5
2583.5
4758.5
2626.0
2602.5
2865.0
3436.0
2911.5
3284.5
2868.5
2606.0
2840.5
2980.5
8409.0
3736.5
3674.5
2624.5
2555.5
2746.0
2603.5
3494.0
3926.5
2593.5
3388.5
2601.5
2805.5
2634.0
2903.0
2775.5
6023.5
2722.5
2648.0
8232.5
2594.0
2573.5
2578.5
4286.5
2638.0
3460.5
2752.5
2584.0
2615.0
2606.0
2851.5
2626.0
3549.5
2711.5
2857.5
2832.0
2803.0
2636.0
2735.0
2492.0
2847.0
4072.5
4192.5
2892.0
2863.5
3019.5
3052.0
2877.0
3380.0
4128.0
2654.5
3124.0
7657.5
2556.0
7483.0
2541.0
3418.0
2475.5
8208.0
3297.0
2615.5
3380.0
3499.0
7358.0
3005.0
2669.5
2713.5
3097.0
7522.5
2622.0
3402.0
2862.5
2457.5
2510.0
2620.5
4477.0
2530.0
2742.0
2680.0
2480.0
2869.5
20442.5
19520.5
2490.5
2491.0
2441.0
2647.5
3404.0
5058.0
5014.0
5287.0
2600.0
2525.0
2502.5
2805.5
8022.0
3791.0
2840.0
2584.5
2551.5
2730.5
6299.0
8615.0
7158.5
6387.0
6472.5
7432.0
7993.5
2553.5
2887.0
3541.0
3799.0
2791.5
6336.5
2535.5
2601.5
16992.0
2632.0
2643.0
3766.0
2964.5
3002.5
5218.5
2555.5
3391.0
3652.5
2809.0
2814.5
2952.0
2989.0
2992.0
3862.0
2595.5
2764.0
2596.0
6452.0
3116.5
4201.0
2794.0
3663.5
2896.0
2660.5
2732.0
2823.5
2600.5
2605.0
2714.5
3511.5
2566.5
2519.5
2568.0
2585.5
2740.5
2627.5
2555.5
2743.0
3484.0
3654.5
2841.0
2528.0
2546.0
2546.0
2548.5
2697.5
2546.0
3594.0
2818.0
2683.5
2803.0
3223.5
3238.5
3055.0
2798.5
4054.5
2912.5
3544.5
2682.0
2874.5
2595.5
2584.5
2588.5
2977.0
3677.0
2480.0
2504.0
4319.0
3105.5
2782.0
2833.5
2497.5
3614.0
2479.0
3377.0
2614.5
2524.5
2784.5
8020.0
5516.5
2591.0
2741.5
2545.5
3157.5
2946.5
2615.5
2681.5
4726.5
7218.5
2632.5
3753.5
3654.0
2582.5
2668.5
4196.5
2607.5
8978.0
2641.5
2685.0
8571.0
3903.5
2595.0
2536.5
2553.5
2717.0
2610.5
4690.5
3788.0
2499.5
2726.0
2967.0
7134.0
2568.5
2647.0
3778.5
2583.5
3242.5
2700.0
2592.5
2492.5
2767.0
2663.5
2668.5
3938.0
2668.5
2588.5
2556.5
2723.0
2687.0
2696.0
2811.5
2634.0
3934.0
2860.5
3570.5
2688.0
14314.0
9604.0
2724.5
2645.0
2585.0
6234.0
8151.0
7160.0
6184.0
6277.0
7104.5
6663.5
2844.0
2594.0
3649.0
3846.0
2967.5
3368.0
2724.0
2817.0
2707.5
3350.0
4831.0
3596.0
3558.0
3871.0
3187.0
2818.0
7949.5
3925.5
4035.0
3053.0
3114.5
2868.5
3072.5
2780.5
2678.5
3776.0
3063.5
3124.0
2749.0
2686.0
2856.5
2839.5
4448.0
3550.5
5191.5
2674.5
2776.0
2827.0
2956.5
2927.5
2738.5
3536.5
2693.0
3064.0
2455.0
2523.5
2573.0
2604.0
3436.0
2835.0
3488.5
5821.5
2597.5
3491.0
2517.5
4499.0
2640.0
3805.5
2786.5
2946.5
2737.5
2485.5
2485.0
2477.0
2461.0
2597.5
4029.5
2936.0
3207.5
3262.5
3657.0
2619.0
3158.0
2557.5
3182.0
3718.5
2529.5
2651.0
2545.0
2686.0
2536.5
2630.5
2718.0
2516.0
4042.0
5570.0
2656.5
2808.5
2537.5
2636.0
2751.0
2553.5
3453.0
2611.5
2493.5
2503.0
2775.5
2661.5
2841.5
3211.5
2744.5
3682.0
3847.5
4104.0
2582.5
2725.5
2527.5
2530.0
2583.0
3492.0
2570.0
2485.5
2466.0
2941.0
2460.5
2529.0
2474.5
2459.0
2485.5
3334.5
3565.5
3958.0
4686.5
2793.0
2539.5
2539.5
3395.0
3441.0
2601.5
2658.0
2687.5
2706.0
2817.5
2500.0
2498.5
3798.5
2713.5
3446.5
2560.5
2563.5
2635.5
2641.0
2540.0
3699.5
3814.5
2643.0
2848.0
2621.5
2558.5
2746.0
2994.5
3448.5
2570.5
3457.5
2594.5
3333.5
2606.0
7686.5
2851.5
2613.5
3475.5
2803.5
2540.5
3896.5
2703.5
2666.5
2486.0
2484.5
2477.5
3579.5
4469.5
2619.5
2576.0
2703.5
3349.5
2643.5
2655.0
3022.0
8375.0
2679.5
4427.0
2756.5
8848.5
4836.0
2773.0
5240.5
7701.0
9240.0
2822.5
3238.5
4285.0
2590.0
2828.0
7809.5
7897.5
6740.0
11730.0
6448.0
6375.5
6337.0
3694.0
2456.5
3345.0
2515.5
2552.5
2461.5
4213.5
3898.5
3501.0
2769.5
2460.0
2595.5
2550.5
2767.0
2528.5
2428.5
2461.0
2538.0
3439.5
3440.5
3046.0
4596.0
2520.0
10801.0
3587.0
2855.0
2770.0
2841.5
2603.5
2505.0
2507.0
2510.5
3473.5
2552.0
3373.0
2778.5
2586.0
2487.5
2781.5
2886.0
3146.5
3763.0
2752.5
2515.5
2788.5
2451.0
2548.5
2867.0
2560.0
2805.5
3446.5
2666.5
3352.5
2562.5
2552.0
2543.0
2822.5
3053.5
2843.5
3787.0
2663.0
2501.0
2557.5
2515.5
2514.5
2461.0
2639.5
2651.0
3524.0
2604.5
3545.0
4465.0
2547.5
2811.5
2528.5
2540.5
2518.0
3395.5
2652.0
2551.5
2518.5
2770.5
2467.5
2538.5
2579.0
2443.0
3537.0
2539.5
3366.5
2591.5
2567.5
2646.5
2507.0
2616.5
2508.0
3383.5
3313.0
2907.0
2756.0
2612.0
2586.0
2412.5
2521.5
2971.5
3861.5
2618.5
28080.5
48995.5
2669.5
2916.0
7023.0
2778.0
7289.0
2978.0
3463.5
2557.5
2965.0
3418.5
2793.0
3201.5
3128.5
3971.5
3599.5
2664.0
11758.5
6503.5
3745.5
2859.5
3423.5
3652.5
2713.0
2908.0
2684.0
3733.5
2477.5
2681.0
2431.5
3729.5
11979.0
2574.0
3224.0
2622.5
2656.5
2493.5
2447.0
2451.5
2370.0
2718.0
4969.0
2522.5
2574.5
6085.5
7236.5
7632.5
7120.5
6509.5
6776.5
8274.0
3117.5
5056.5
2587.5
2520.0
2812.5
3433.0
2487.0
3511.5
3161.5
2840.0
16859.5
3661.0
2529.5
2440.0
2447.0
2616.5
2494.5
2889.0
3520.0
2602.5
3215.5
2569.5
2570.5
2559.5
2790.0
2474.5
10974.0
9361.5
2837.5
2818.5
2584.0
13996.5
4410.0
2626.0
4083.0
3799.5
15461.0
6937.5
3607.0
3693.0
7792.0
3424.0
2772.0
2891.5
3130.0
3569.5
2646.5
2698.0
2783.5
2830.0
2617.0
2891.0
2643.5
3806.5
2820.0
3459.5
2892.5
3099.5
7737.5
3154.5
7656.5
2613.5
2653.0
2783.5
12756.0
4034.0
2815.0
2861.5
2771.0
2740.5
2751.5
2848.5
5808.0
2904.0
2651.5
9194.0
2906.5
2791.0
3986.5
3578.0
4006.5
2543.5
2523.5
2742.5
2742.0
4782.0
3456.5
4603.5
2620.5
2719.0
2604.5
3120.5
2759.5
2616.5
3437.0
2570.0
3541.5
2929.5
2873.0
2901.5
2499.0
2499.5
2541.5
4051.5
2526.0
2447.5
2909.0
2479.0
2390.0
2719.0
2390.0
2472.0
3550.5
2524.0
3819.0
2524.5
2522.5
2565.0
2508.5
2607.0
3227.0
8504.0
3159.0
2908.5
2853.5
2593.0
2656.5
2664.5
3815.5
2803.0
3591.0
2703.5
7535.0
3026.5
2590.5
3396.5
4437.5
2605.0
2891.0
3222.0
2783.5
2582.5
2589.0
3775.0
2676.0
3532.0
2682.0
2662.5
2895.5
7915.5
7310.5
6724.5
6483.0
7383.5
4287.0
7062.5
2919.5
2800.5
2568.0
2580.5
4748.0
2680.5
2579.5
2873.0
2749.5
2619.0
2999.0
2745.5
2781.5
3599.0
2536.5
3692.0
2561.5
3012.5
2836.0
2668.0
2581.5
2567.0
4003.0
2696.0
2638.0
2640.0
2676.0
2517.0
2512.0
17239.0
3826.5
2849.0
2608.0
2561.0
2809.0
3423.0
2531.0
2615.0
2581.5
2510.0
2720.0
2729.5
10354.5
3523.5
2593.0
2862.5
2609.5
2784.5
2651.5
2592.0
2916.0
3542.0
4239.5
2658.0
2606.0
2663.5
4532.0
2544.0
3469.0
2593.0
3348.5
2962.5
2670.5
2970.0
2641.0
2731.5
2553.5
2560.5
3418.5
2578.0
2884.5
2848.0
4031.5
2661.0
2587.5
2671.0
3529.0
3589.5
2912.0
2633.0
2542.5
2674.5
2573.0
2543.5
2560.5
3985.0
2867.5
3082.0
2891.0
2642.0
2861.5
3023.0
2672.0
4036.5
2723.5
7491.5
2684.5
4183.5
2664.0
3091.0
3290.5
2495.0
2707.5
2538.0
2854.5
3398.5
3571.5
2635.0
2765.5
3590.5
3592.5
2730.0
2515.0
2504.0
2635.5
2769.0
2552.0
2470.0
3506.5
2540.0
2588.5
2595.0
2646.0
2489.0
2504.0
2650.0
2547.0
3475.5
3014.5
3554.5
2690.5
2611.0
3506.5
2731.0
2533.5
2511.0
3616.0
2785.5
2553.5
6327.0
4041.0
4136.0
4055.5
2745.0
6432.5
2612.0
6663.0
2467.0
3866.5
7691.5
2830.0
2818.0
2706.5
2593.5
2548.5
7292.5
6506.0
2653.5
2752.0
2532.0
4456.0
2516.0
3511.5
2498.5
6853.0
8059.0
2512.5
2402.0
3648.0
3416.5
2494.5
2518.0
2586.0
2832.5
2491.5
2542.5
2474.0
4050.5
2481.0
2497.0
2456.0
2451.0
2457.0
2515.0
4448.0
5098.5
2478.0
7332.0
2510.0
2638.5
2471.5
2631.5
2764.0
9657.5
2831.0
2546.0
2554.5
2820.0
2966.5
5382.0
8238.0
8858.5
7829.0
7055.0
6140.0
8437.0
7935.0
4840.0
2661.0
2905.0
2774.0
2768.5
5650.0
2828.5
2622.5
2848.5
2620.5
2816.0
2625.5
2863.0
4921.0
12343.0
2692.5
2773.0
3705.0
2595.5
3517.0
2626.0
2858.0
2562.5
2513.0
2604.5
2598.0
2474.5
2526.0
3981.5
4442.5
4720.5
2864.0
2540.0
2459.5
2473.0
2470.0
3313.0
2647.5
2830.5
2626.5
2466.0
2546.0
2581.5
2526.0
2524.0
2679.0
3682.0
3403.0
2598.5
2522.5
2947.0
2503.5
2532.5
2844.5
2563.0
3378.0
2537.0
2520.0
2443.0
2518.0
2485.0
2547.5
2726.0
2787.5
3704.0
2717.0
3366.5
2535.0
2746.5
3091.5
14097.5
2525.0
2792.0
2824.5
10711.5
3543.5
2459.5
3160.5
2865.0
4339.5
3417.0
2675.0
2528.5
2788.5
3244.5
3077.5
2764.0
2737.0
2808.5
2506.0
2543.5
2529.5
4064.0
3280.5
3746.5
3363.0
2849.5
2571.5
2562.5
11979.0
2772.0
2544.0
2480.5
2504.0
2478.0
2471.0
2463.0
3577.5
2492.0
3693.5
3521.0
2803.0
2625.5
2680.5
2615.0
2730.0
3581.0
2597.0
3062.0
2637.0
2755.5
2620.0
2646.0
2809.5
5173.5
2815.0
3631.0
2788.0
2669.0
2823.0
2641.0
2694.5
2663.0
3430.5
2556.0
2858.5
2658.0
2842.5
2911.0
2850.5
2639.0
2648.5
3876.0
3741.0
2838.5
8600.5
2879.5
2574.5
3584.5
2673.0
2701.5
2733.0
2707.0
2780.5
2737.0
2759.5
2537.5
3891.0
7077.5
2718.5
2753.0
5066.5
4516.5
4450.5
2727.5
2666.5
2842.0
2599.0
4474.5
2879.0
2637.5
3894.5
3810.0
2757.0
2816.0
2594.5
2474.5
2456.0
2466.5
2445.0
3292.0
2668.5
2492.5
2624.0
2536.0
2818.5
5549.0
2570.0
3504.0
13907.5
3107.0
2802.0
2530.5
2563.5
5368.5
2500.5
2494.5
7425.5
19342.0
6371.0
6261.5
7506.0
7368.0
4950.0
2697.5
2574.0
3954.5
3895.0
2548.5
2460.0
2528.0
2447.5
2620.5
2897.0
2931.0
3954.0
2633.5
2444.0
2846.0
2535.5
2888.5
2650.5
2579.0
2998.0
3790.0
3475.0
2480.0
2527.5
2574.5
2564.0
2850.0
2540.5
2540.0
4021.0
2781.0
2503.0
2746.5
2735.0
2651.5
2601.5
2668.0
2647.5
3590.0
3575.0
2635.0
2694.5
2689.5
7825.5
2773.0
3442.0
2510.0
2474.5
2612.5
2549.0
2467.5
4298.5
3070.0
4013.0
2717.5
3684.5
2605.5
2613.5
2447.0
2651.0
2738.5
2572.5
4900.5
2883.0
2962.0
2828.5
2916.0
2746.5
2507.5
2942.5
3842.5
2656.5
3202.0
3501.0
2489.5
2399.5
2510.5
2408.0
2433.5
2629.0
3487.5
2566.5
2870.5
3476.0
5536.0
4914.0
2786.0
3526.0
3974.5
2723.0
2483.5
2808.0
2524.0
2537.0
2727.0
2802.5
3802.5
2669.5
2434.0
2681.0
2806.5
2485.5
2704.0
2713.0
4734.0
2785.0
3426.5
2527.0
2490.5
2482.0
2621.5
2463.5
3301.5
3380.5
2659.0
2507.5
2542.5
2835.0
2558.5
2598.5
3034.5
2635.5
3941.0
2637.5
3626.5
2554.5
2874.0
3171.5
2751.0
2568.0
2562.0
3810.5
5849.5
2736.5
15413.0
2523.0
3144.5
2474.0
2834.0
2443.0
2476.0
2607.0
3826.0
4697.5
3843.0
2492.5
3141.5
2476.5
3029.5
2857.5
12069.0
5547.5
2850.5
2840.5
2538.5
2537.0
15207.0
6872.0
2824.0
4569.0
16674.5
2813.5
2643.0
4781.5
2514.5
7033.5
3274.5
2589.5
2542.5
2466.5
3644.0
2584.5
5846.5
14857.0
3600.0
2533.0
2820.5
2592.5
2607.0
2768.0
5166.0
2448.0
3556.5
2529.5
3229.5
2505.5
3487.5
2523.5
2595.5
2611.0
2916.5
3732.0
2638.5
2827.5
2747.0
3292.0
2914.5
2598.5
10460.5
21061.5
8629.0
7276.0
6202.5
9164.0
6060.0
5560.5
2848.0
2693.5
3145.5
3440.0
2666.5
3620.0
2506.0
2502.5
3332.5
2749.5
2515.0
3798.5
3593.0
2837.5
2995.5
2496.5
2713.5
4482.0
3030.0
4193.5
2626.0
2934.0
3050.5
2533.0
2566.0
2662.0
4201.5
3412.5
2537.5
3431.0
2483.5
4486.0
2673.5
3358.0
2492.5
2882.5
3445.0
2472.5
3041.5
2624.5
2835.5
2505.0
2471.0
3505.5
4635.0
3435.0
6330.5
2505.0
3743.5
2629.0
2675.0
3613.5
2470.0
3412.0
20827.0
4149.0
2445.5
5803.0
9203.0
3782.5
2822.5
5256.0
2534.0
2462.0
2666.5
2745.0
2486.5
3530.5
2543.0
3631.5
2767.5
2589.0
2561.0
2541.5
2788.0
2629.0
4448.0
4960.0
2886.0
2499.0
2668.5
2691.5
2609.5
2995.5
3422.0
2466.0
3224.5
2544.5
8109.5
2659.0
2471.5
2478.5
3914.5
2995.5
2446.0
2678.0
2898.0
2796.5
2777.0
2561.0
3764.0
4737.5
2736.0
4123.0
2703.0
2821.5
5585.0
5159.5
2564.0
6690.0
3763.5
4030.5
2906.5
4279.5
5205.0
2599.0
2589.0
3208.5
2608.0
4956.5
3348.5
3109.0
2963.5
2626.0
2536.5
2518.0
2829.0
3311.0
4198.0
2694.5
3703.5
2937.5
3112.5
2698.0
2772.0
2784.5
2687.0
3321.0
2964.5
2798.5
2560.0
3582.5
2813.5
2534.5
3021.5
2701.5
3552.5
3727.0
6562.5
3471.0
13393.0
7523.5
6887.5
7560.0
7493.0
6119.5
9928.0
4104.5
3015.5
2741.0
4117.5
2784.5
3041.0
2874.0
3033.0
3549.0
3747.5
2650.0
2512.0
2895.0
2827.5
2562.0
2917.0
3181.5
5544.5
3219.0
2760.0
2751.5
2640.0
2573.0
2722.0
3957.0
2512.5
4001.5
2688.5
2454.0
2429.0
2888.5
2506.0
2659.0
3977.5
2534.5
2591.5
2670.0
2536.5
2447.0
4569.0
2476.0
2536.5
3370.0
2751.5
3174.0
2669.5
2530.5
4154.0
2703.0
2650.0
3320.5
3479.5
2443.0
2608.0
2485.5
3074.0
2844.5
2504.5
2516.0
3820.5
2723.0
3347.5
2510.0
2730.5
2682.0
2875.0
5466.0
2880.5
3335.0
2568.5
2555.0
2804.5
2738.0
2686.5
2621.5
2510.5
2486.5
3506.5
3519.0
2835.0
2548.0
2994.0
3929.0
2848.5
2590.5
3344.0
3409.5
3012.5
2736.0
2749.0
2690.0
2728.0
2988.5
2787.0
3803.0
3544.0
2615.5
3096.0
2648.0
2694.5
2529.5
2576.5
2777.5
3675.0
2772.5
2635.0
2818.0
2664.5
2887.0
2663.5
2589.5
3795.5
2826.5
3297.0
2893.0
3303.0
2774.5
4800.0
2834.0
3305.5
2682.0
2514.0
2508.0
2629.0
8404.0
2632.0
3728.0
2645.0
3383.5
4985.5
2735.5
3278.5
2654.5
2711.5
3512.5
2655.5
2640.5
2757.5
2644.0
3005.5
2770.5
2551.0
2636.0
4913.5
10795.0
2793.0
5659.5
6225.5
4240.5
2700.5
2557.5
2778.5
3209.0
2805.5
2606.0
5475.0
3758.0
3037.5
2681.0
2421.5
2876.0
2668.0
6148.0
4802.0
2563.0
17759.0
2706.5
3449.0
11372.0
12988.0
2573.0
2877.5
2554.0
2646.5
3751.0
2665.0
3993.0
2847.5
3537.5
2878.0
2480.0
2648.5
2569.5
2812.0
2631.0
4387.0
2898.0
2664.5
4306.5
2621.0
2661.5
2507.0
2866.5
3399.5
2480.0
6888.5
6084.5
8344.0
6952.0
6092.5
6041.0
6143.0
3536.5
3527.0
2592.0
2472.0
2568.0
2895.0
2785.0
2705.5
2968.0
3259.0
2676.0
2503.5
2599.0
2584.5
2536.5
2730.5
2431.0
2548.0
3520.5
2437.5
3544.0
3136.0
3220.0
2589.5
2877.5
3101.5
2945.5
3356.5
2569.0
2626.0
2810.5
2505.0
2534.5
2588.0
2560.5
2806.5
3931.0
4212.0
2941.5
2801.5
2674.5
2934.5
2637.0
2695.5
3295.0
2656.5
2627.0
2653.0
2744.0
2716.0
2787.0
2729.5
2810.0
3548.0
5055.5
2768.5
3046.5
2965.5
2595.5
3024.0
2803.5
3511.0
2777.5
2917.5
2844.0
2921.0
2619.0
2827.0
2590.0
2875.5
3693.5
3648.0
2757.5
3331.0
2631.0
2609.5
4285.5
2699.5
3769.0
3179.0
3062.5
4833.5
3009.0
2840.0
12776.5
2746.0
2954.0
2664.5
2714.5
2622.5
2606.5
2834.5
3551.5
2600.0
2785.5
2640.5
3816.5
2867.5
2655.0
2913.5
3589.0
6401.0
3292.0
8327.5
2576.0
2795.0
3509.5
2614.5
2773.5
2631.5
2609.5
2585.5
2775.5
2862.0
4145.5
2854.0
3611.0
3326.0
2794.0
2747.5
2634.5
2872.5
2617.0
3520.5
2739.5
3829.5
2670.0
2516.0
2640.5
2978.0
2817.0
2497.0
3511.5
3530.5
2623.5
2545.0
2809.0
2476.0
2538.0
2425.0
2918.5
3257.0
2739.0
2538.0
2501.0
2607.0
34159.5
7345.5
5908.0
3024.0
41653.0
51972.0
2721.5
2755.5
2724.0
3007.5
2534.0
2550.5
3442.5
4021.0
3756.0
2749.0
3031.5
2689.0
3001.5
2964.0
2782.0
4120.5
2590.0
2788.0
3081.5
12336.5
6402.5
4067.0
3125.5
2696.0
3086.5
3126.5
2898.0
6389.0
2933.0
2966.5
4423.5
2586.5
2619.0
2884.0
2707.0
4269.5
3956.5
3063.5
2832.0
2627.5
2610.5
2768.5
2632.5
3520.0
2817.5
6252.0
7223.5
6139.5
7782.0
6503.5
6214.5
2822.0
2416.5
3177.0
2923.5
2480.5
4566.0
2496.5
2490.5
2461.0
3023.5
4826.0
4694.0
2763.5
2468.0
2504.0
2460.0
2961.0
2577.0
2476.5
3711.5
2730.0
2586.5
2494.0
2573.5
2490.5
2803.0
2546.5
4366.5
2589.5
3469.0
2538.5
2533.5
2638.5
2769.5
2987.0
3929.0
2462.0
3442.5
2586.5
2495.0
2502.5
2757.5
2752.5
2497.5
2485.0
2471.0
4703.5
3295.5
2522.5
2473.5
2562.0
2739.0
3061.0
2587.5
2546.0
3251.5
2497.0
2634.5
2620.0
7774.0
2915.0
2904.0
3438.0
3641.0
2439.0
10323.0
2687.0
2761.0
3190.5
2765.5
2589.0
2702.5
2586.0
2745.0
2555.5
2870.5
11223.5
5003.5
2518.5
2514.5
2630.0
2922.0
2786.5
3632.0
2588.0
2718.5
2544.5
3032.5
2603.0
3060.5
2682.5
2689.5
8625.0
4196.5
2675.0
4252.5
2699.0
10662.5
2686.5
2654.0
2769.0
2709.5
2791.0
2599.5
3472.0
2895.5
3510.0
4528.0
2774.5
2631.5
2663.5
2603.0
3176.5
3694.5
2596.5
2776.5
2868.0
2589.5
3222.0
5273.5
3871.5
2855.0
3465.0
2701.5
2629.5
2780.0
2593.0
2605.5
2563.5
3452.0
2748.0
3663.5
2641.5
2767.5
3270.5
3126.0
2667.0
3904.5
2609.0
3761.5
2563.0
2520.5
5385.5
5033.5
5316.0
2984.5
2951.5
2746.0
2913.5
2631.0
12211.5
14268.0
10811.0
4239.5
2753.0
2972.5
3574.0
3023.0
2925.0
3790.5
2796.5
3339.5
2640.5
2525.5
2609.5
2696.5
2508.0
2771.5
2826.5
4176.0
2796.5
2826.5
3183.0
3054.5
2672.5
2568.0
2597.0
3534.0
2549.0
3453.5
4050.5
2531.5
2642.0
3239.0
2823.5
2644.0
3269.0
2624.0
2442.0
2435.0
2442.5
2569.0
2499.0
4289.0
3860.0
2745.5
15704.0
2934.5
2591.0
3331.5
2687.5
2671.5
2722.0
6421.5
5971.0
8079.5
6353.0
6870.0
12824.0
6357.0
3217.5
2704.0
2946.0
3803.0
3281.5
4271.5
2561.5
3088.5
2823.0
2650.0
4542.5
3759.0
2513.0
2604.5
3202.5
2864.0
2946.5
2768.0
2641.5
2832.0
3886.0
3631.0
2772.5
2797.0
6644.5
2745.0
2660.0
3649.5
2697.5
3279.5
2705.0
2873.5
2605.0
2550.5
2828.5
2666.5
3474.5
2706.5
3259.5
2977.0
3016.0
2767.5
3660.0
5447.0
3583.5
3271.0
3194.5
2873.5
3258.5
2679.0
2590.5
2692.5
3580.0
3474.0
2836.0
2864.0
2723.5
2562.0
2548.5
2501.0
2496.5
3601.5
3243.0
2996.5
2702.0
2773.5
2610.5
2605.0
2687.0
2535.0
3501.0
4132.0
2704.5
4089.0
2643.5
2579.5
2746.0
3178.5
3890.0
2922.5
2633.0
2584.0
2663.0
2531.5
2768.5
3472.0
36492.5
18745.5
2987.5
3622.0
2860.5
2640.0
2529.0
2576.5
3291.5
2647.5
3770.5
3133.5
3335.0
2471.5
2492.5
2618.5
2441.5
4823.5
3485.5
2481.5
4772.5
2784.5
2711.0
3993.0
2958.0
2725.5
3610.0
2911.0
2634.5
2766.5
2450.0
2684.5
2562.5
2875.5
2740.0
3322.5
3827.5
3217.0
2802.0
3035.5
2807.0
2988.0
2629.5
3578.0
3835.5
2534.0
2781.0
2673.5
2637.5
2684.0
2614.5
3946.5
3684.5
3623.5
2486.0
2522.0
2629.5
2605.0
2939.5
3191.0
4684.0
3028.5
2879.0
4635.0
4938.0
2764.5
2720.5
3843.5
3831.5
2753.0
2860.0
2884.5
3935.0
2725.5
3300.5
3622.0
2791.5
2756.0
3249.0
2813.0
2983.5
2889.0
2938.5
3798.5
3265.5
3320.5
2799.5
2716.0
2998.0
2678.0
2917.0
2737.5
3354.5
2717.5
2977.5
2629.5
2611.5
2680.5
2717.5
2633.0
2590.0
3921.0
3777.0
2618.0
2698.0
2716.0
3087.0
3672.0
2783.5
4135.5
6902.0
6346.0
4907.5
7822.0
7218.0
6435.0
5086.5
2918.0
3368.0
2760.0
2755.5
2573.0
7570.0
3153.0
3657.5
4162.0
3528.5
3109.0
2884.0
2750.0
8052.0
5386.5
5131.5
3343.5
2763.0
2739.0
2656.0
2676.0
3755.5
2814.5
3532.5
2735.0
2737.5
2855.5
3917.0
2747.0
2588.0
3754.0
2660.0
2809.0
2584.5
2670.0
2805.5
2489.5
2652.0
3841.0
2829.0
3788.0
2644.0
2671.5
2521.0
2797.5
3237.0
2663.5
3272.5
2983.0
2823.5
3389.0
2561.0
4634.0
3815.0
2548.0
3780.5
3698.5
2574.5
2757.0
2727.0
3332.0
2476.0
2509.5
5552.0
2918.5
2689.0
3187.5
2950.5
2622.0
2708.0
2480.5
3858.5
2696.5
3652.5
2565.0
2861.0
2611.5
3410.0
3047.5
3090.0
3631.5
2646.5
3069.5
4461.0
2547.5
2833.5
2568.5
2925.0
3484.0
3713.0
2698.0
2958.0
3067.5
2402.5
2498.5
2522.0
6641.5
2782.0
2457.0
2539.5
2521.5
2429.5
2520.5
2675.0
2775.5
4527.0
3476.0
2558.0
3349.0
2532.0
2558.5
2510.0
2464.0
2572.0
3437.0
2461.0
2454.0
4424.5
2612.5
3269.5
2668.0
2554.5
3375.5
2501.0
3356.0
2481.0
2491.0
2642.0
2538.0
2521.5
2462.0
2502.5
3310.5
2511.0
2461.0
2629.5
2529.0
2839.0
2624.0
4681.0
4734.5
3647.0
2925.0
2898.5
2545.5
2587.0
2763.5
2542.5
2633.5
3503.0
2701.5
2752.5
3322.5
2697.5
2769.5
2655.0
2779.0
4278.0
2756.5
3924.5
5751.0
2853.0
3376.0
2777.0
2818.5
3331.5
3063.0
2932.0
2642.0
5605.0
3004.5
3027.5
3698.0
2781.5
3754.0
2984.5
2970.0
3164.0
2869.5
2802.5
2799.0
3646.5
2655.5
2813.0
2820.0
2554.5
7513.5
3890.0
2565.5
7879.0
3738.0
2715.0
2629.5
3538.0
3488.5
10703.0
6714.0
7298.5
7461.0
9859.0
7509.5
7467.5
2957.5
2491.0
6217.0
2539.5
5192.5
2583.5
3233.5
11159.5
13389.5
11080.5
3059.0
3597.0
3580.5
5066.0
3689.0
2429.5
2389.5
2333.5
2561.0
2509.0
2391.0
3625.5
2627.5
2803.0
2411.5
2641.0
2544.0
2514.5
3098.0
3671.5
2876.0
3542.5
2543.5
2613.0
2401.5
2595.5
2440.0
2536.0
2490.5
4011.5
2417.5
2544.0
2518.5
2496.0
2630.5
2610.0
2407.0
2378.5
3758.0
2756.5
3284.0
2558.5
2549.0
2395.0
4585.0
2542.0
2515.0
3995.5
2452.5
4363.0
2609.0
2510.5
2340.0
2507.0
2548.0
3716.5
2327.0
3581.5
2453.0
2885.5
2518.5
2532.5
2484.0
2539.5
2445.0
3236.5
5420.5
2604.5
2796.5
2577.0
2926.0
3926.5
2972.0
3683.0
3687.5
2610.0
5955.5
2743.0
2661.0
2858.0
3584.5
2616.0
2657.0
2783.0
3125.5
2644.0
2633.0
2688.0
3076.5
3473.0
2701.0
5320.0
2556.5
2778.5
2796.5
2597.5
2621.5
4874.5
2856.5
2712.5
2693.5
2621.0
2913.0
2632.5
2993.0
4485.0
2625.5
3316.5
2843.0
2551.5
2459.5
2592.0
2607.0
2879.5
2744.5
3706.0
2869.0
2596.5
2946.5
2824.0
2635.5
2582.5
2794.0
3654.5
2813.5
3514.5
2499.5
2457.0
2468.5
4668.0
2720.0
2694.0
4460.5
2637.5
2813.5
2559.5
2609.0
2730.5
2528.5
2916.0
4068.0
2538.5
3914.0
2658.0
6824.5
2739.5
3224.5
7585.5
2754.0
2481.0
3957.0
2479.0
3140.0
2613.5
3978.0
4326.0
2619.5
2667.0
2732.0
2652.5
2803.0
2743.0
5682.5
9969.5
2453.0
2710.0
3034.5
2810.0
3503.0
2485.5
3749.5
2826.5
2958.5
2791.0
2557.5
2498.0
2517.0
3531.5
2904.0
2605.5
2499.5
2511.0
8433.0
2551.5
3750.0
2558.0
9026.5
6839.5
7420.0
6345.0
6254.5
6586.5
7561.0
3851.5
2578.0
6344.5
2761.0
2765.5
2453.5
3542.0
2561.5
2616.5
2692.0
5663.0
2514.5
2568.0
2787.0
15387.5
2558.0
3193.0
3204.0
2512.5
4054.5
2536.0
2556.5
2842.5
2691.5
3028.0
2908.0
2526.0
3783.0
2553.0
3471.5
2495.5
2535.5
2892.5
3085.5
2538.0
4710.5
3659.0
2722.0
4279.5
6120.5
3880.0
2832.5
3772.0
2796.5
3227.0
2972.0
2756.5
3672.5
2866.0
2623.5
2790.0
3666.0
2737.5
2463.5
2533.5
2992.5
2572.5
2467.5
2590.0
2993.5
3407.5
3039.5
2876.5
2682.5
2848.5
2638.0
2962.0
2837.5
2472.5
3877.0
2545.5
2992.5
3074.5
2898.5
2600.5
2992.0
2758.5
3800.5
2680.0
3615.5
3630.0
2564.5
2713.5
2732.0
2647.5
2650.5
3269.5
2832.5
2910.5
2708.5
2415.5
2484.5
2552.5
2497.5
2554.0
3734.0
5964.0
2638.0
2902.5
2729.5
2557.0
2801.5
3028.5
3566.0
3463.0
2927.0
2764.5
2690.0
2614.5
2755.0
2639.5
2810.0
3633.0
6801.5
2958.5
3234.0
4131.5
2604.5
2694.5
3410.0
2650.5
2872.5
4458.0
2569.5
2673.5
4085.5
3897.5
3057.5
3990.0
2590.5
2597.5
2746.5
2497.5
2506.5
2663.0
3468.0
2836.0
3081.5
2823.0
2663.5
2893.0
2936.0
2916.0
5616.5
2653.5
3235.5
2796.5
2686.0
2509.0
2753.5
2750.5
2800.5
3302.0
2759.0
2612.5
2708.5
2511.0
2515.0
2607.0
2541.5
2488.0
6601.0
5221.0
2608.0
2356.0
2634.0
2540.0
2713.5
2602.0
3878.0
2682.5
2473.5
2443.0
2500.0
2752.0
2713.5
2432.0
2619.0
3354.5
7453.5
9483.5
2537.0
2536.5
2598.0
3917.5
8715.5
2611.5
2481.0
2608.5
2989.5
3828.0
3636.0
2497.5
2625.5
2698.5
2583.0
2989.5
2855.5
3079.0
4604.0
6429.0
6289.0
6604.0
10689.5
7269.0
6527.0
6941.0
3564.0
2749.0
2691.0
2906.0
2826.0
2602.0
2570.5
3562.0
3854.0
2978.0
2625.5
3215.5
2638.5
4455.5
2821.5
3702.5
2773.5
2493.5
4170.5
2735.0
2604.5
2832.0
2603.5
3777.5
2704.0
11146.5
4892.5
2764.0
3097.5
5114.0
3008.5
2940.5
4004.5
2855.5
2580.5
2667.0
3827.0
4020.0
2931.0
2768.5
3193.5
2717.0
3171.0
2737.5
3494.5
3544.5
2510.5
2697.0
2841.0
3396.0
2788.0
3212.0
4450.5
2995.5
3033.0
2663.5
2736.0
2549.5
4633.5
2967.0
4106.5
2702.0
2486.5
2708.0
2753.5
2441.5
2749.5
2678.0
3043.0
3600.5
2893.0
3448.0
2625.5
2487.0
2798.0
2717.0
2753.5
3935.5
3587.0
3012.0
2668.0
3969.5
2657.5
2938.5
2840.5
2909.5
3486.5
4311.0
2500.0
2704.0
2652.0
2769.0
2954.5
2952.0
2651.5
3805.0
2825.5
2655.5
2728.0
2745.5
2901.5
3064.0
2853.5
3730.5
3682.0
2776.0
3326.5
2778.0
2998.0
2832.5
2788.0
3695.5
2740.5
2935.0
2916.5
2657.5
3079.0
2701.5
3148.5
3062.5
3493.0
3783.0
2857.5
2721.0
3331.5
2889.0
2754.0
2984.5
3961.5
2975.0
4997.5
3542.5
2816.5
3228.5
2770.0
4220.5
3877.5
3419.5
2936.5
2834.5
3003.5
2518.5
2465.0
3008.0
3460.0
5626.5
3253.0
8419.0
2924.0
3330.0
2829.5
3680.5
2734.0
2881.5
3098.0
2652.0
2889.0
2892.5
3596.5
2978.0
3007.0
8678.0
3593.5
2501.0
3575.5
3608.5
2714.0
2701.5
2542.0
2719.5
2465.5
2610.0
2598.5
3580.0
2730.5
2676.0
2860.5
2617.0
2885.5
2682.5
2772.0
2516.0
3467.0
3594.0
2787.5
2837.0
2686.0
2536.5
2584.0
2470.0
2433.5
6253.5
3255.5
2429.0
2573.5
2489.0
2460.5
2450.0
2477.5
8066.5
7983.0
6545.0
7203.0
6324.5
6584.0
6261.5
2640.0
3854.0
3615.5
2592.0
2689.0
2551.0
3694.0
2603.5
7382.0
2780.0
12296.5
2707.0
2697.5
5020.5
4238.0
2681.5
2624.5
2962.0
2950.5
2895.0
2614.5
3222.5
11491.0
4865.0
2620.0
2745.0
4071.0
2837.0
3824.5
2645.5
2945.0
2607.5
2931.0
2980.0
2865.0
3670.5
3010.5
2856.0
2921.0
2833.5
2829.0
2807.5
2906.5
4152.0
2978.0
3420.5
2818.0
2982.5
2694.5
2920.0
2970.0
2652.0
3849.0
2928.5
4591.5
2869.5
2663.5
2700.5
2704.5
2927.0
3426.5
4047.5
2886.5
2653.5
2849.0
6792.0
2784.5
3815.5
5181.5
3385.0
2839.5
6560.0
2914.0
3591.5
3819.5
2761.5
2872.0
2814.0
2853.5
2731.0
2851.0
3095.5
6136.5
2804.5
12888.5
2708.0
3522.0
3890.0
3119.0
3055.0
3196.0
2928.0
2707.0
3036.5
5583.0
6336.0
3812.5
5579.5
20674.0
7303.0
4157.5
2791.5
3968.0
7896.5
3011.5
2953.0
4368.5
2888.0
3714.5
3008.0
3642.0
2763.0
3005.5
3043.0
3823.5
2916.0
3569.5
3019.5
2965.5
2901.5
2560.0
2706.0
5057.0
4307.0
2739.0
2558.0
6905.0
2807.5
3217.5
3845.5
4401.0
2556.5
2718.5
2600.5
2952.0
2972.0
2770.0
4322.0
3610.5
2568.5
2813.5
2627.5
3071.0
3111.5
2640.0
2845.0
3652.5
2526.5
6274.0
6255.0
7262.0
7389.0
6804.0
6142.0
2860.5
4391.0
2803.5
2753.5
2987.0
3089.5
3170.5
3354.5
2712.5
3593.5
3874.0
2654.0
2983.5
9383.0
23294.0
10863.0
5238.5
3382.0
3835.0
3582.0
3426.0
4912.5
3390.5
2774.5
3275.0
4661.0
3824.5
3057.0
4050.0
3815.0
2702.5
2602.5
2635.0
2764.5
2607.0
2926.5
3366.5
3990.5
4766.5
2707.5
2554.5
3040.0
2563.5
3189.5
4208.0
3966.0
2807.5
2643.5
2774.5
3864.5
2674.0
2512.0
3991.5
2955.0
2577.5
2975.5
2501.5
2624.0
3264.0
2504.5
2647.5
3533.0
2789.5
3277.0
2503.5
2689.5
2759.5
2658.0
2593.5
3041.0
4014.0
2669.0
2531.5
2614.0
2781.0
2706.5
2538.5
2716.5
2596.5
3402.5
2656.5
3387.5
2610.0
2899.0
2524.5
2592.5
3233.0
2506.0
3225.5
3907.5
2515.5
2895.0
2566.0
2554.5
2843.0
2630.0
4103.5
3620.0
3135.5
2857.0
2596.0
2782.5
2504.0
2957.5
2644.5
3486.0
2659.5
2724.5
2627.5
2490.5
3254.5
2562.5
2493.5
2638.5
3555.0
2809.5
3352.0
2734.0
3222.5
2522.5
2663.0
2650.0
3110.5
3238.5
2842.5
2505.5
4065.5
2876.5
2445.5
5593.5
2539.5
5078.0
5441.5
3415.5
2832.0
2546.0
2578.0
2545.0
3338.0
8240.5
2725.0
2571.0
2656.5
4243.0
2676.0
4694.5
3534.5
5161.0
21708.0
11090.0
7426.5
10095.5
7669.0
6391.0
7105.5
3351.0
2823.0
2677.5
2604.5
6626.0
3659.5
3543.0
2720.0
2810.0
3170.0
3054.0
2681.5
2890.5
3494.0
4948.5
2554.5
2853.5
2954.0
5092.0
3843.0
3527.0
4027.0
2607.0
3125.0
3199.0
2640.5
2509.5
2841.5
3337.5
2835.0
2898.5
2807.5
3055.5
2498.0
2522.5
2522.5
2410.0
3595.0
5612.5
2781.0
2698.0
2980.5
18683.5
4723.5
5934.0
2837.0
3825.0
3742.5
13339.0
3103.0
3373.5
4712.5
6850.0
3376.0
3288.0
2721.5
2945.0
2735.5
3821.5
3558.5
2835.0
3206.5
2595.0
2798.0
2553.0
2572.5
3981.0
2954.0
3078.5
2887.5
3332.0
4184.0
3011.5
3049.5
3445.5
4148.0
2973.0
3037.0
2919.0
2675.5
2961.5
2609.5
3722.0
3032.0
2664.0
2555.5
2877.0
3211.0
3038.0
2909.5
3977.0
2885.5
3403.0
2697.5
2843.0
2495.5
2453.0
2565.0
2548.5
5415.5
2365.5
2663.5
2396.5
2541.5
2559.0
2402.0
2608.0
2485.5
3635.0
2897.0
3531.0
2415.5
2447.0
2951.5
2417.0
2564.0
2427.0
2546.0
3516.5
2446.5
2599.0
2407.0
2486.5
2812.0
2641.0
2284.5
2462.5
4329.0
6598.5
2942.0
3175.0
2581.5
2543.5
2575.5
8611.5
2729.0
7036.0
2558.0
2394.5
3186.5
3856.0
2554.0
3586.0
3921.0
2641.0
2673.0
2644.0
2428.5
2384.0
3689.0
2545.5
6348.0
7639.5
7184.0
7730.0
6388.0
6062.0
8043.5
2871.5
3006.5
2403.0
4418.5
3029.0
2907.0
2756.0
4012.0
3417.0
2602.5
2538.5
6587.0
2971.0
2728.5
3281.5
2926.0
2497.0
2560.0
2753.0
2334.5
25220.5
2928.0
2365.0
2635.5
2507.0
3397.0
2782.5
2971.5
2655.0
2470.5
4219.0
2666.5
2910.5
3645.5
5203.5
2551.5
2660.5
2820.0
2584.5
2759.5
2626.5
2926.0
3517.0
2660.0
2627.0
2495.0
2631.5
2493.5
2898.5
2764.5
4642.5
2721.5
3823.0
2678.5
12938.5
3659.5
3625.5
2601.0
5121.5
2658.5
2740.5
10881.5
3439.5
2663.0
2780.0
2574.5
2906.0
2601.5
3100.5
4210.0
3076.0
2593.5
6906.0
3057.5
3216.0
2850.5
3443.5
3732.0
2560.5
2462.5
2537.5
3022.5
2560.0
2802.5
2891.0
3597.5
2576.0
2767.5
3115.0
3439.0
2803.0
2683.0
2849.5
3594.5
2493.5
3853.0
2642.0
