time	value
0	0.3
0.5	0.3
1.0	0.3
1.5	0.3
2.0	0.3
2.5	0.3
3.0	0.3
3.5	0.3
4.0	0.3
4.5	0.3
5.0	0.3
5.5	0.3
6.0	0.3
6.5	0.3
7.0	0.3
7.5	0.3
8.0	0.3
8.5	0.3
9.0	0.3
9.5	0.3
10.0	0.3
10.5	0.3
11.0	0.3
11.5	0.3
12.0	0.3
12.5	0.3
13.0	0.3
13.5	0.3
14.0	0.3
14.5	0.3
15.0	0.3
15.5	0.3
16.0	0.3
16.5	0.3
17.0	0.3
17.5	0.3
18.0	0.3
18.5	0.3
19.0	0.3
19.5	0.3
20.0	0.3
20.5	0.3
21.0	0.3
21.5	0.3
22.0	0.3
22.5	0.3
23.0	0.3
23.5	0.3
24.0	0.3
24.5	0.3
25.0	0.3
25.5	0.3
26.0	0.3
26.5	0.3
27.0	0.3
27.5	0.3
28.0	0.3
28.5	0.3
29.0	0.3
29.5	0.3
30.0	0.3
30.5	0.3
31.0	0.3
31.5	0.3
32.0	0.3
32.5	0.3
33.0	0.3
33.5	0.3
34.0	0.3
34.5	0.3
35.0	0.3
35.5	0.3
36.0	0.3
36.5	0.3
37.0	0.3
37.5	0.3
38.0	0.3
38.5	0.3
39.0	0.3
39.5	0.3
40.0	0.3
40.5	0.3
41.0	0.3
41.5	0.3
42.0	0.3
42.5	0.3
43.0	0.3
43.5	0.3
44.0	0.3
44.5	0.3
45.0	0.3
45.5	0.3
46.0	0.3
46.5	0.3
47.0	0.3
47.5	0.3
48.0	0.3
48.5	0.3
49.0	0.3
49.5	0.3
50.0	0.3
50.5	0.3
51.0	0.3
51.5	0.3
52.0	0.3
52.5	0.3
53.0	0.3
53.5	0.3
54.0	0.3
54.5	0.3
55.0	0.3
55.5	0.3
56.0	0.3
56.5	0.3
57.0	0.3
57.5	0.3
58.0	0.3
58.5	0.3
59.0	0.3
59.5	0.3
60.0	0.3
60.5	0.3
61.0	0.3
61.5	0.3
62.0	0.3
62.5	0.3
63.0	0.3
63.5	0.3
64.0	0.3
64.5	0.3
65.0	0.3
65.5	0.3
66.0	0.3
66.5	0.3
67.0	0.3
67.5	0.3
68.0	0.3
68.5	0.3
69.0	0.3
69.5	0.3
70.0	0.3
70.5	0.3
71.0	0.3
71.5	0.3
72.0	0.3
72.5	0.3
73.0	0.3
73.5	0.3
74.0	0.3
74.5	0.3
75.0	0.3
75.5	0.3
76.0	0.3
76.5	0.3
77.0	0.3
77.5	0.3
78.0	0.3
78.5	0.3
