5058
5323
5681
5433
16123
5377
5097
4865
5083
24059
17262
12598
16930
15300
13546
5423
5686
5094
8773
5005
5004
5336
5846
4820
5066
5189
5176
7676
5495
7027
5399
5375
5527
4949
5479
5371
6803
6042
6506
10995
15206
23177
6137
5149
5247
5587
6321
6570
7979
8476
6606
26892
9882
18032
14664
10027
7265
5264
7366
7220
5482
8279
5631
7887
14801
6046
5674
14077
16806
6666
6960
6501
5415
5690
5294
5515
7616
7673
5915
16239
6010
5848
6635
5417
9277
5643
4846
5232
5009
6025
30788
15156
5004
5008
6960
4935
5326
5621
4890
5139
5204
5059
4934
7726
6017
7039
4910
5223
4866
5520
7378
6260
8055
5488
7653
5474
5130
80945
101049
5027
6837
5064
4964
5218
4924
4956
8024
6010
6791
5029
5205
5375
5291
6351
6651
6550
5521
4957
5037
5309
4916
4871
4923
4843
5284
7131
6821
4897
5132
5037
5900
5338
5961
6845
7754
5186
5867
6669
5446
6039
6050
5383
20532
12029
12956
14675
8412
16850
13351
9171
5496
6274
5050
5456
5101
6267
5849
5141
7015
5151
4977
5488
5248
5177
6092
5658
5059
7182
4925
6746
7254
5127
9817
5196
6758
8904
5278
5474
5333
5882
5521
5536
16653
7513
5057
6609
5499
5940
5718
5023
5968
7173
5024
5856
5237
6840
10245
6368
7856
6106
6518
6148
6212
5936
5988
5877
5462
8449
5021
5743
5449
8785
7172
5554
10040
7072
5858
5286
5650
5002
5054
4963
5183
7041
4978
6076
5152
14181
5271
5027
7551
5549
6305
7948
5696
5020
4935
6205
6323
6590
6966
5066
5059
5361
5096
5335
4872
7734
5622
5080
6657
5037
5097
4957
5045
6851
6158
6466
5301
5303
5442
5396
5394
5238
5133
5111
7111
7222
4883
4766
5355
4880
4995
4791
4939
5038
6437
5073
4993
4885
4879
5219
5022
5062
4894
6808
5250
6533
5052
4975
4836
5152
5054
9756
8229
5108
5202
4849
4850
5012
5394
5195
5350
7578
5410
7087
5214
5006
4961
4797
4782
5351
5533
7353
5040
4822
4817
4798
5423
5229
5213
5615
7243
5104
6590
5002
4970
4981
5047
5051
7032
6901
5099
5238
8949
6265
5711
5363
5419
7522
5359
6992
5077
12937
12948
15180
12468
12452
12241
26794
5269
5116
5533
5114
18527
5527
5021
4974
4998
4770
5189
5035
6953
4925
6930
5445
4911
5041
4964
5142
4979
5599
9943
10006
4971
5119
6014
5095
5737
7478
5607
7043
5401
5661
5056
5018
4947
5704
10157
5552
7016
5425
5175
4889
5238
5214
7473
30213
4934
4880
5028
6352
9822
4889
4892
4949
5116
5120
7913
10279
5295
8294
8898
5137
4867
4969
4937
5194
6908
5994
4933
5405
5267
5354
5271
5111
6120
6943
7559
5126
5090
13847
5403
5344
5287
6984
5254
5808
5238
5160
5627
5566
5605
8255
5606
7076
5096
5128
5810
5911
5834
5938
7233
6183
6197
6235
6396
6407
7036
5930
6802
7156
5668
5237
10536
5522
5512
6044
7819
6319
5621
5369
5284
5540
5241
5172
7772
5836
7409
5543
5155
5358
5539
5358
5725
7792
5276
5286
5962
5633
5270
5435
5700
5692
7203
8130
7614
8839
5279
5654
5383
5543
10513
5192
5439
5855
5079
5029
25813
5137
5228
5441
13347
6399
6416
5193
5077
4951
7567
5826
5839
5105
5340
7617
7323
6263
5032
5523
5567
5029
5226
5571
7390
4986
5803
7017
5235
5300
5270
6605
7350
6187
6455
4920
4994
14176
14891
16738
16988
14248
13654
12145
5659
6037
5260
4826
6862
5191
4801
5134
5587
5529
5868
5420
5259
7056
5354
7291
5979
5123
6528
12939
6994
6980
5145
5175
7542
8240
5034
32211
5486
6191
5216
5210
5533
6716
5657
5002
5484
5225
5166
4986
24449
14112
7693
5263
5357
5264
5175
6453
5482
5635
5536
5516
5223
6051
5383
5100
15090
4975
4882
5466
5516
5709
5403
5612
7712
5432
5359
17286
5469
5097
7895
5980
6540
5917
5706
5592
5495
6054
6284
6919
5940
5903
5781
5398
5707
9491
9149
10010
5310
6818
5432
5115
5516
5123
5120
7101
5699
7309
5954
5112
5137
5566
5929
10863
7166
7338
7709
5026
5078
5023
5924
6829
4977
6450
5508
5556
29550
12598
5011
5282
5119
5137
5058
5636
7265
4859
5841
5180
4928
6113
5492
5152
7355
4769
6749
5245
5034
5193
4812
10122
5100
6645
5264
4959
5009
15166
5553
31629
12773
5945
8997
17720
12622
21165
16140
19878
18466
11932
23728
12459
11115
22107
5723
5337
5635
5112
7126
6096
5754
4953
5019
4951
4964
4920
8382
6086
7526
5099
5929
5131
4979
5177
5451
5043
7133
5189
4942
4804
5401
8829
6238
5876
8141
10648
6322
5399
5201
5003
5224
5001
7962
6003
4838
5113
5309
5595
5780
6262
4931
7737
35312
9160
9892
6969
5814
6026
5464
7584
5954
7161
5090
17872
8513
17469
20746
7181
5538
5533
5297
7987
5851
6735
5087
16601
5265
5110
5155
6787
4957
4961
4970
5288
5670
7189
5042
4821
9407
6247
5643
5014
4788
5262
5099
5021
5771
6537
5238
4812
5446
4914
4786
5090
7394
8265
5283
6851
5222
4882
5344
4880
5065
5036
4794
6287
5080
5810
5257
22765
38104
40679
5501
5763
5694
6329
5847
7317
7400
5115
5155
5741
21287
23868
5236
5117
5584
5289
5253
7564
7369
5687
5370
6355
5529
5487
5240
6209
16699
34176
20163
12905
13097
14675
5405
8633
5089
5333
5509
4967
5264
7660
7182
5532
5260
5172
6075
6403
5561
6848
5481
5482
5593
22929
5801
7349
7238
6149
7505
6159
5856
28008
73207
44478
48847
8587
8234
32976
5552
6092
5929
10849
23594
6169
5742
5642
5298
6700
23424
6195
5830
5058
7239
5514
7259
5983
5779
5234
5846
5156
5228
8703
5843
25104
5442
5485
6981
5129
16296
6388
5093
5111
5242
5122
8008
5243
5483
6103
5242
5370
5054
5033
7538
5857
6512
5898
5506
4931
7131
4900
5530
6757
5860
6025
5536
5197
6386
5420
5208
5028
7085
7549
5608
5541
5422
5587
6160
5332
5897
7954
5944
6138
5698
5266
5597
5305
5191
7795
5256
6688
8459
5411
14054
5289
7773
5236
5430
5218
5163
5120
5501
5200
5318
7935
7404
5249
5088
5038
5372
5632
5609
6891
8327
5555
5686
5114
5055
5068
5458
15412
14897
12964
12849
14889
13338
12947
5074
6981
9106
7324
5608
5725
6121
5745
5511
5609
5433
18483
4977
4935
5456
5700
5012
9485
5739
6697
5042
10543
5274
5312
13046
5292
5595
5362
5539
5198
6012
5492
4948
7217
5264
7046
5550
5242
5710
5274
5478
5029
8530
5221
5137
5617
5455
5613
5367
5475
5559
8284
7352
4985
5115
5032
5084
5890
5251
5995
6989
5093
8772
5045
5302
6331
5181
5246
7069
9140
5280
4997
4940
5570
5888
5567
5118
13797
23535
17780
5228
6883
23264
5631
6795
7054
8808
5157
5361
5692
5056
4972
5013
7035
5269
6647
5575
16717
5533
5611
7434
5672
15513
6066
5871
6699
6005
7630
12704
6600
5813
5738
5520
6342
8722
5584
5713
6074
5042
5845
7362
5207
7976
9721
5726
5245
5755
5141
5409
5301
5381
7661
5274
5395
5508
5253
5262
5542
5568
8831
5446
7216
5859
12253
5674
4927
36199
7057
5915
4834
6938
5126
14096
12647
12294
15025
22094
24428
18394
5980
14229
6652
8352
5770
5692
6382
6081
6632
5244
4847
7159
7095
5901
9158
17454
9414
6164
5862
5131
5723
5056
5184
5179
5477
7080
5341
7037
9697
5854
6388
5963
6667
6939
5235
5165
5165
5503
5264
6916
6881
7806
5274
6911
5178
5646
5746
5525
5978
5415
7075
5722
5665
5379
5681
5330
5742
5308
5609
8118
8100
6644
6373
5540
5209
6281
5512
8163
5134
5062
5848
5004
5026
5033
6890
5120
8145
8683
6509
9101
6459
5078
10481
10382
5155
5191
5502
5130
9028
5301
7505
5219
6438
5601
5866
5290
5758
4937
5237
7089
5151
5505
5126
5168
5001
4969
5100
5561
7847
6236
8009
6342
5864
5019
4962
4934
4942
6748
5252
5113
5714
16973
5663
5384
7300
5851
8936
5929
4885
5272
4983
5008
7470
7457
5831
5515
5097
5606
5820
7134
4884
7163
7800
5363
6053
5988
5622
5322
5563
6300
7150
5956
4993
5256
5374
5180
5733
5992
8165
8086
6367
6128
5381
5057
5037
5962
5869
8090
5806
5281
5098
5025
5257
9743
5248
7998
6936
5157
5564
5030
5124
4952
4977
4987
8242
6850
8098
6239
6766
5174
5582
8406
6766
14955
13833
12318
14911
12685
12941
15050
5451
7065
5424
5099
5465
5526
5239
5767
6722
5302
5345
5547
6147
6140
6291
6128
7939
6505
6752
5304
5629
5232
5241
5853
4959
5348
6530
5106
5035
5272
5213
5306
5094
5203
5163
10898
7903
5028
5277
5575
5055
5024
5923
8035
5731
5611
5577
5685
5673
5672
5846
8558
6429
7331
5445
5360
5331
4938
5017
4949
7263
5533
5018
4997
5001
5005
5131
6080
6023
6875
5119
6498
5077
5125
4871
5260
5729
5041
5276
7891
6156
5693
5398
5228
5610
5077
5030
7887
6077
7701
5948
6961
5984
5441
6079
5828
11493
5478
17068
6866
17399
7671
5656
5241
4958
12032
5058
6638
5443
5695
5282
5354
5497
5481
5612
5475
7694
5393
6731
5523
15327
17877
15188
5867
5856
6623
21231
7143
6035
27304
7225
8244
6960
5966
8410
6067
5879
10128
5453
6500
5671
5282
5119
5613
11037
6859
5275
6927
5527
7283
5452
20783
26004
16998
16147
12592
13550
17739
7194
5529
31647
7659
6039
5831
6522
5481
5307
5612
5190
26748
26729
30120
5486
15038
7717
10211
6665
34828
6481
7706
5540
5217
5331
5507
5385
7877
6422
7954
6494
6222
5399
8310
6183
7647
5916
5435
5639
6516
6501
5500
5045
8959
10176
6122
6894
5961
5869
4907
12431
15875
6985
6304
6825
6619
9318
7790
6073
6023
5343
5374
4846
5264
7980
5879
6008
5233
5122
5219
5658
6255
6603
8254
7092
5882
5782
5904
4941
6276
5830
7102
5169
9557
5006
5318
5874
5822
5120
14821
6336
5048
5774
28372
6659
6296
5604
5954
5478
8642
5416
8583
7205
5759
5072
5349
5407
5719
5941
9351
5273
5050
5412
16722
5631
5238
7617
5443
6799
5909
5527
5495
5651
6918
6534
7945
5877
5455
5281
6712
5670
5376
5305
7879
7575
5486
5156
5078
7190
7119
6196
8119
5529
4973
5391
5270
5391
5578
5277
5476
7078
14503
12812
12406
15319
12570
12906
12896
8193
10250
6193
5666
5212
7748
5168
5692
7016
5321
5608
5702
5436
5207
5813
5229
5963
7799
7866
5761
5368
5818
6426
5900
5771
7250
5870
5076
5812
6836
5096
5374
6440
8452
6219
7679
6165
5854
5633
6287
5744
5389
7796
6885
6324
7095
7852
6184
8991
6396
8085
7384
9834
6223
15907
6544
7620
5744
5458
8890
5857
8014
15866
8996
5932
5991
9164
16266
28882
8873
8401
10567
6069
5978
7679
5104
5593
7453
12732
7895
5145
4943
4907
5481
8009
5482
7119
5066
5092
4989
4948
4907
5057
4963
7935
4897
5148
5182
4901
6271
5519
4908
5253
6992
4947
6782
5056
5023
5144
4903
7499
5431
6386
4872
6163
4870
5117
5071
5494
5049
5357
7388
5043
6839
5468
5314
5128
5243
12309
27407
5697
5322
9858
5526
7272
6972
4924
4894
13781
5124
5083
4950
7166
4892
4976
5040
5185
12943
17385
14545
13872
13182
16093
12941
5798
5751
5253
5284
8102
7891
6321
6616
6091
5020
5758
6344
11840
5968
5674
5614
6763
5966
5740
7692
5509
7225
5656
5493
5629
5778
4953
4953
7278
5413
5655
4891
5067
5684
5967
6423
6334
7518
12910
4970
5084
4895
5185
5185
6323
9345
5992
5236
5312
11292
7584
5544
7965
6929
4954
5223
5240
6013
5183
5398
7733
6989
5596
5765
6244
6025
47927
5688
5471
5634
6528
7353
5428
7050
5412
5427
5767
6194
5347
7359
7142
5329
5213
5626
5269
5525
5533
5830
6686
5333
5704
12661
6307
6007
5705
7392
5880
6472
5289
5205
5150
5187
5603
5044
7247
5181
5333
5136
5528
5420
5310
5314
5622
8122
5273
6597
5197
5908
5478
5495
5354
5869
6756
5593
13839
5597
5339
5651
5745
7575
5547
7183
5158
5542
5180
5997
5153
5139
7693
5885
5518
5960
6640
5239
5467
5137
5111
6924
5311
6747
5332
5801
5270
5493
6188
11055
5491
5785
5509
5530
5590
7333
5971
8001
5821
11136
6019
7573
5018
4854
5023
7075
5349
5037
4937
17686
5081
5080
7612
5067
6669
5575
5099
5046
5079
4921
4961
6010
7677
4999
6027
6165
6387
5416
5210
5155
6965
5253
6476
5419
5565
13118
15782
16300
12908
12205
15772
14185
5134
10624
5391
6676
7354
5456
5286
6174
6157
5775
5820
6120
9180
7156
5493
5167
5721
5208
5371
6895
7238
5507
5399
6702
5827
5661
5593
5001
5238
7496
7147
4954
4907
5118
5131
5670
4866
5108
19035
5161
5100
5920
6341
5880
5136
9463
6577
5418
5283
5215
5603
5386
5583
5426
7575
5183
5451
5655
5528
5460
5385
5470
7912
4930
6660
5215
5123
5926
5824
8610
6680
6728
5162
5266
5982
5076
5162
5311
5215
4934
7035
7087
5081
5009
4915
5447
5257
5120
5024
6432
5894
7010
5146
5341
5417
5688
5122
5007
6797
5819
6524
23161
5081
5397
8148
5334
5001
5772
6281
11897
30966
5139
5665
4898
4929
5012
5122
7800
4996
8531
5949
6339
5587
5700
5076
7245
7240
5471
4908
5121
4930
5447
5100
7591
6735
5412
6677
5619
5674
5204
5414
5006
7504
5611
7018
5081
5382
5398
5037
5015
5961
7186
4980
5237
4834
5975
9751
5104
5041
5002
7280
7317
5244
5185
35067
5160
5138
5167
5487
5290
5111
5087
8005
5551
6992
6072
4998
6844
5017
11126
16122
5954
6023
5565
5466
9295
7889
8548
6343
5467
5120
5970
14299
5301
7399
6397
15304
19263
14679
32578
15179
13892
12608
12987
16035
19566
5470
6026
13960
5187
5676
5153
5341
5575
4997
4987
5097
14609
5685
5625
5231
5201
5171
5643
5668
7473
6720
5917
5366
5377
5590
5159
5377
8148
5638
7379
8205
5242
5635
5742
5394
7986
7122
6057
5706
4955
6291
5001
4964
7960
5409
93835
131241
5101
4929
6114
5119
8524
11766
91186
145587
7433
7644
5602
5463
93120
147912
5349
5148
5156
5548
96289
135389
156119
5871
5597
5384
5934
6216
7535
9700
5991
14494
26001
48404
7590
15786
5717
5719
5699
6096
5936
6905
7625
7252
6065
5455
5864
5944
5526
7267
5448
7417
5473
5742
5566
18775
30480
21728
15121
12966
13422
16475
5586
5040
5497
9205
5045
5050
5750
7108
7367
6146
7606
6025
6298
6506
6548
7670
5586
5113
10335
5666
5179
5308
7952
5439
7213
5676
5788
5333
5788
5749
5382
8165
5283
5818
5946
5831
5408
4888
4910
5257
8686
7223
5400
5250
17138
5640
7402
5625
6380
5223
7010
11876
5991
7893
12087
6707
5082
5318
16972
6675
5776
5691
5595
6088
5500
7063
5538
8216
5768
6848
5819
5743
5650
5653
6117
7401
6857
5327
5700
5769
5786
5556
5673
5104
7405
5419
7774
5297
5086
7112
5024
5519
5644
8426
5883
5311
5681
5541
5467
5260
5991
8901
5103
7684
5461
5551
5588
5835
5484
5395
7881
5093
5400
5941
5566
4829
4891
5572
5233
6927
5526
8311
5612
5562
5396
5182
4968
4957
7131
4954
5064
5004
5826
7313
5033
5115
7998
6604
6991
5650
5386
5241
5676
5021
5142
5084
7603
5051
5207
5140
5587
4962
5111
5125
4996
7159
7276
5341
5379
5151
5124
9041
5411
7114
5103
5115
4990
5000
4953
5086
5658
5504
8492
6564
7430
4951
4962
5073
5051
4960
5071
9055
4935
4980
5068
5115
5075
5678
4969
5194
9571
5149
7479
5281
5398
12402
12869
14265
12560
12950
14961
14270
5812
5575
5346
5348
5659
5262
7156
5407
5174
5188
5027
5020
5559
15186
5222
6799
5116
5701
4960
5081
4996
16891
5603
5409
5205
5247
5108
5582
5156
7943
95048
5041
6900
8284
12931
5042
4981
4868
4938
5323
7530
5826
8835
5243
5028
10418
5551
7087
8260
5698
5078
8530
5559
5109
5114
6641
6325
5908
5655
4970
5063
5174
5189
6298
7569
7463
5244
5315
5700
5372
5110
5810
5715
7288
8976
5407
5402
6889
5290
5771
5588
7670
7365
5521
5559
5710
5785
5808
5407
7924
5599
5731
5801
5518
5444
5674
5360
5865
7806
7458
6527
5739
5540
5720
5075
5216
5543
6886
5140
5384
4941
5468
5126
5399
5060
5626
6892
7274
5551
5323
7284
5110
5632
5060
7597
5661
5582
5702
5489
7004
5067
5276
5343
8531
6881
5347
5478
18999
5608
8814
5489
5325
9824
5305
10877
6437
10358
6836
5390
5665
5088
12112
15952
16068
16375
15906
14514
15195
4942
5016
5098
6982
5018
5983
5050
5487
5126
5089
5027
5991
7105
4913
6681
5324
5151
13512
5035
13345
9749
5925
5036
5277
5078
24935
8667
5066
5100
5035
5895
5205
4932
6879
5125
5242
5340
5339
5055
5198
5780
5060
6922
6999
5058
4975
5166
5378
5367
5365
29564
5524
5572
5978
6419
7581
5335
7584
5474
15029
5716
5707
5073
7020
8851
5585
5582
5376
9884
5814
7019
7835
5999
5251
5207
5123
5583
5768
5288
8008
5109
5444
5314
5222
5434
5383
5146
5302
7372
7018
5167
21575
12223
11089
5354
5317
5305
5729
5176
5457
5084
8490
7200
5855
5134
5201
5184
5353
5580
5363
7180
5371
6477
5705
5434
5140
5231
5557
8526
5746
7078
5293
5366
5499
5449
5174
5159
6727
5328
6990
5409
5187
5703
6178
9181
8035
7735
5073
5267
5419
5626
5282
5577
5075
6983
5971
7250
5199
5356
4957
10052
4946
16016
7153
15658
5843
16034
9622
4937
5367
6414
5308
5022
5101
7104
7534
5110
5001
5029
5077
5110
5121
7708
11481
16773
5729
10164
12762
21945
8362
5566
6773
8559
5688
5370
12101
5790
5329
5719
7834
5848
6637
5229
5489
5439
5162
5258
20203
13440
13666
15371
15026
12399
12945
5945
6789
5521
5555
5446
6509
6104
8753
5830
7337
5149
6855
5138
5124
5033
5099
5519
5397
7976
5672
6063
5068
5745
5145
5208
5154
12036
9468
6216
5326
7535
5382
6623
5623
8424
5818
7734
5860
14617
6770
8183
9297
5923
5609
5622
6005
5376
5936
7430
6773
7304
6147
9605
7325
7470
9367
9243
7529
6685
6776
7912
10255
11062
7754
7813
6448
7253
8978
7033
11078
8060
7169
6820
37272
6880
7030
5732
8871
9420
7707
5437
7457
7184
6491
10488
14193
12915
8435
6225
8649
7785
7455
6431
9277
8027
10851
7022
8491
7746
10479
12002
7783
8076
7968
10065
8127
6769
8985
8775
7498
7597
7879
7969
9085
9553
7419
7945
6687
7938
10772
8288
6881
6336
7488
7888
5455
8034
6453
8295
5973
6860
6065
7331
7633
8237
8448
5787
6815
6571
4925
5230
6868
5565
7663
5591
5417
5776
5389
5743
5007
16764
12431
13040
15447
20205
14527
13407
10916
5268
6351
23613
7817
5359
6421
7393
5642
7288
5471
5483
8667
6874
26585
5484
5439
12567
25844
20997
6222
10100
5445
5504
12852
7582
5216
6774
5752
18329
16949
6916
7871
5052
5049
5132
5083
5856
5882
7342
9512
6344
5785
6245
6014
5805
6075
13753
5251
6405
17856
81812
86941
5742
5770
5297
5959
5095
5875
5740
8543
7241
5852
5843
10969
5122
5509
6058
7033
5129
5728
5299
5276
5422
5114
5259
8413
5768
6973
7117
5572
5130
5110
5577
5319
6532
5351
5014
5118
4989
5058
5665
5087
5611
8137
5966
6832
5957
5268
5313
7202
5198
5648
8021
5315
5409
5080
8010
24858
23406
24683
7057
5821
5073
8120
5777
5202
5560
8944
6046
7795
5780
5891
5951
5423
5534
5382
7208
5365
5497
5662
5278
5753
6041
6872
8096
5667
7570
5770
5711
5514
5473
5217
5309
7645
5895
20236
7001
17752
15049
13362
13027
15885
14973
5995
6632
6716
8696
8672
6024
5334
5871
5598
6154
5343
6026
7250
5738
5694
5247
5593
8067
5430
5479
7128
7165
5695
5381
5455
5272
5219
5731
5819
12321
8586
14797
6863
6787
8701
7175
5404
5667
5399
5770
5338
5473
7783
5550
5822
5838
5329
5443
5307
5300
9100
5680
7192
5433
5373
14829
5285
5627
7200
5931
15440
6622
5745
5332
5574
7515
8626
5172
7032
5730
5264
5273
8475
7105
5482
5704
5522
5559
5875
9033
9969
19562
14376
5634
5384
6551
5506
5377
5578
14506
5175
5565
8045
9811
15281
7336
5435
5150
6442
12278
5937
6073
5849
6070
7179
9414
11335
5817
5449
7257
8023
5583
5815
7533
5820
5686
7126
6952
6153
5882
7783
5910
7035
5953
5600
5720
5762
5804
5555
7174
5367
5330
16867
5678
5857
5318
7169
6881
5177
6039
5188
5701
5007
5181
5463
7300
5059
5180
4989
11959
12173
14588
13327
11807
12084
15909
5350
5418
4928
5059
4933
5129
4860
6982
4934
6646
5494
4995
4935
5039
4966
6085
4955
6620
5313
6176
4835
6585
5615
7092
5528
7267
8148
5925
4918
4963
4902
5237
5219
4913
6904
5153
18199
48106
5866
5427
4975
5248
6109
6804
5571
5560
5843
5904
5929
5579
5615
7923
5653
6867
5764
13570
5427
5799
5538
7148
5591
5779
5634
5814
10685
7280
7511
10676
5423
4968
5089
7759
5085
4987
7436
5839
5978
5948
5735
10069
14555
5633
7137
5770
5776
5934
5777
5554
5823
7064
5410
5451
5357
5978
5521
5475
5404
5183
7114
14928
9373
6785
6039
5280
7066
5551
6996
5995
5775
6006
6196
6039
7235
5218
7425
5087
6066
5062
5135
5176
6876
6663
5150
11536
5457
5300
6303
6700
4942
6811
7440
5796
6186
9786
5933
5837
6050
7263
9009
5603
5511
5368
5413
5492
7691
5436
7300
5036
5740
4956
4827
6134
4872
6395
7773
5097
8800
4981
5190
10013
10112
5488
7289
5052
5854
5132
5193
4869
4882
4883
6806
5010
5616
5902
5703
5495
5391
5249
5015
6933
7751
5089
5424
5489
5294
6035
5353
6246
6694
5464
6007
5492
5893
5015
5484
5757
8673
5151
14800
12450
12845
15876
13086
13883
18633
7337
7839
10190
5592
5019
4958
6735
5489
5527
5405
14328
5585
5637
8310
5634
7551
6104
5803
5530
5839
5500
6330
7929
5905
6866
9953
12099
5426
7291
8310
5862
5583
5587
14296
5460
7364
5543
5530
5095
13859
5125
5530
6864
5002
6466
4989
4993
5054
5773
6819
5262
5439
7396
8864
7219
5382
5410
5335
4992
5036
10482
6106
6853
7585
5574
5126
5064
14178
5138
5544
4957
5233
4922
4992
6022
7851
5092
7369
5816
5304
5308
5094
5016
5332
5068
7249
5397
5521
5516
5837
5090
6363
5523
6999
15367
5116
14366
7121
5189
9407
5417
5129
4967
4997
4999
5059
5029
5143
7367
7465
5506
7663
5173
8507
8192
7285
5966
5728
5091
5026
5111
5235
5313
5064
7045
5592
11884
5746
5650
6252
6972
13109
9048
5206
5164
5395
5216
5219
5145
7284
10638
5568
7210
5352
5288
5080
5360
7804
5450
5694
5496
5167
5129
5194
5487
5191
7313
5772
6790
5565
5805
5198
5634
5378
5891
8592
5301
5217
5465
5335
5841
9339
5759
8420
8336
9690
5412
5314
6181
5564
5662
7504
5456
5172
5807
31734
7654
5575
5318
14607
6187
5628
9454
6079
13082
14082
15365
14707
13729
39526
12623
5436
12110
12554
5754
9281
5933
5505
6625
7749
5912
5809
5328
5357
5711
5684
5363
8543
6527
7126
8868
13230
5598
5795
7571
5564
5231
5165
5534
5666
5422
5157
5778
8007
5213
7078
5598
5623
5554
5204
5220
6270
7036
5274
5279
5572
5375
5437
5962
5674
11549
7444
5523
9019
5754
5305
5578
5217
6912
5831
5653
5637
5551
5515
6296
5555
6032
7474
7203
6101
5394
5353
6824
5248
5758
6677
5319
5287
5445
5268
5395
5221
5600
5384
7190
5681
6869
5672
5941
6115
5894
5862
10265
5662
5206
5665
5453
5653
5709
5216
4998
7290
5764
6940
5419
5912
5703
5448
5452
5136
7890
5233
5279
9902
5889
5219
5440
6066
7267
7395
9150
13208
5503
5602
5940
7304
5315
5855
5435
5237
5155
5612
5492
7795
5811
6983
6100
5406
5596
5222
5052
5120
6997
5988
5609
5199
5582
5557
5435
6012
5392
8754
7296
6883
5229
5527
5161
5179
5500
5034
6980
5043
5024
5311
9167
5663
5842
4941
7177
4933
7366
5015
7188
5262
5123
5175
5102
7120
5489
9038
5412
5628
5892
5428
5874
208964
160667
5256
5990
6355
6424
5234
5366
5461
10019
6487
6116
6951
6100
5266
5289
5774
15148
13547
13456
15572
15014
13369
13002
5745
7527
5877
6249
6827
5464
10444
5164
8521
7236
6848
5497
5759
5661
5927
5703
24267
5449
5571
5146
5882
5376
7503
7511
5742
5138
7883
5538
5582
14728
6052
8111
5558
5553
7178
7135
8984
20806
9208
5340
5422
5890
10617
6119
5596
5578
5052
5230
4972
4879
8653
5937
6660
5516
7985
9185
6079
6108
8033
6115
5445
5072
8806
5153
5357
5599
11039
7380
5036
5115
5583
6269
7083
5787
6834
4980
4931
5277
5029
5949
13623
7022
5319
7936
5228
5607
5205
5056
6932
5876
6899
5127
5288
5291
4952
5343
5173
4976
5020
18493
5336
16331
5720
5412
7434
5416
7390
17415
10867
5125
7028
6972
5401
5390
5001
5642
5475
5060
5477
6840
5049
5579
5189
5290
5490
5042
5123
5100
7233
5547
6767
5557
5825
4938
5514
5275
5385
6399
5076
5341
4903
4985
4959
5045
5012
4860
4855
7490
6886
4885
5082
14166
5656
5108
5082
7020
4896
6775
5041
4983
5541
5659
4985
7893
5103
6454
5553
5090
5127
7910
5169
5672
6554
5573
5859
5380
5753
5115
8134
5750
8457
11807
5678
6858
5025
15670
9595
8841
5130
5097
5459
5122
5005
5143
7931
5392
6986
5417
5013
18065
14645
12488
12482
13584
16331
13046
6552
5130
6322
5488
7838
6145
6134
4940
6015
5156
5181
6130
6285
19680
6689
5643
5853
5280
4987
5939
7025
5466
5370
5208
4954
5017
4970
5164
5097
7216
7659
5001
15253
5621
5224
5095
7942
5934
5276
5946
5545
5086
5810
5018
5085
6971
7213
5144
5611
5142
5639
5254
5174
5468
8310
5209
5733
5377
5087
5183
5541
5187
5224
7132
7407
5419
4949
5443
5103
5377
5154
5556
7002
5095
4979
5226
5857
6328
5504
5186
4987
7075
8633
5166
4972
5801
5275
5006
5650
5023
7328
5053
5272
5161
5480
5075
4995
5246
5589
8137
7285
5754
5249
5563
5929
8089
5637
7705
5147
5377
5235
5885
5092
5062
5164
5393
7150
5027
7196
5275
5534
5299
5067
5911
6024
8219
6175
6349
5362
6138
20162
7674
7157
5557
5343
5060
5372
5185
7897
6962
5793
5530
5834
14743
5077
5206
9023
4853
7044
5018
4839
5252
5366
5511
5391
7302
5395
5025
4819
5598
5376
4974
4898
5374
8020
5425
6700
5470
5528
5465
5456
5373
5496
5312
7192
5623
5450
5667
5601
5036
5320
5199
7542
4890
6684
5619
5036
5532
5578
5547
5308
5568
7161
5324
5385
5578
5624
5460
5971
7030
18750
13340
13577
15690
13234
12152
7336
5601
9224
25092
5637
5723
5432
6389
7438
5705
5702
5363
5748
5539
5527
5701
7126
5888
6924
5647
5476
5120
5522
5105
6166
10653
6608
6506
5197
6336
5806
6639
7958
5620
6779
6863
5661
4920
10069
7904
9475
5610
4898
7834
5591
16603
7295
8523
10766
6511
5078
4915
5275
5268
12360
9701
5546
5400
5250
5404
11757
11633
5891
5477
5015
5000
17832
5134
5177
5013
5075
5040
6273
5411
5245
7616
5563
6566
4962
7980
5012
4924
8193
15939
13707
6319
5408
20536
8150
5769
5125
5203
5743
5284
5077
5981
6926
5260
6044
5510
6037
5136
5665
5031
7969
5474
7051
5054
5497
5295
5504
5490
5554
6680
5639
5289
5385
5473
5226
5356
5136
4779
7675
5430
7751
24510
4984
4919
6906
4974
5198
6508
10711
5133
5727
5141
7668
6983
5062
5171
5741
5141
24036
9899
5333
15991
21347
19536
37549
13755
13476
18908
17856
15150
6108
7307
6054
5743
5595
5375
5156
5943
6758
10117
5386
7407
5420
5979
5885
12227
5723
8045
8065
5529
5155
5560
14692
7519
26458
6115
5609
5173
8964
5896
5321
5631
5898
7386
6773
5905
7349
5768
6825
5797
5423
6008
5969
5285
5493
6974
5257
5424
5983
5619
6332
6528
5731
7595
5676
7888
5416
6417
5342
5033
4959
4929
6344
6718
5014
4912
4992
5132
5406
5380
11302
5119
6792
6191
5124
5120
6638
5017
5022
4952
6953
4868
5585
5335
5540
5943
5479
4968
8151
5304
6619
5434
5205
5213
4987
5171
5396
5289
6603
5009
5520
5201
6319
5494
4980
5274
5077
6977
6977
5176
5291
4978
5293
5251
6009
5162
7958
5875
7674
8400
4989
5611
5570
5488
6940
6794
5285
4954
4932
5235
5095
5130
5107
7062
8868
5222
5745
5327
5161
5425
5306
5476
7240
7079
14778
5894
5226
5174
5450
7367
5671
5501
6581
16886
5584
7419
10888
5520
5970
10872
5352
5506
5211
7960
11788
8060
12033
5157
8116
44041
13667
5359
15481
5447
5031
5082
6840
7841
31877
10351
6781
6157
6708
6091
5463
5901
5641
5191
7745
5276
6856
5316
5643
14357
5707
7351
5931
6974
13426
12412
15582
18503
17822
15705
12356
6577
5076
5015
5211
5016
7681
4954
6527
5708
14445
5538
5040
11538
5610
8340
5902
5580
5241
5530
13022
5192
7829
5269
5371
7343
9574
5423
7421
5780
5338
5424
5510
5073
5569
5192
20509
33465
5761
7967
5294
5228
5463
5237
5316
9454
9518
5860
7011
5584
5271
6712
5940
6353
5578
7252
5349
5652
5351
5478
5350
5574
5286
7168
5094
6642
5137
5139
5629
5320
5781
5854
6023
8140
5793
5482
5515
5704
7489
5481
8859
6504
7454
5565
5185
5303
6779
5990
5413
7000
5708
18706
5223
5829
5585
7311
5518
9344
5380
5080
5713
5401
5553
5907
7507
5867
5972
5992
5946
5822
5390
20720
23609
7671
5202
8635
6222
6067
5563
5790
5314
5259
5645
6613
5563
6795
5245
5096
5328
5578
6394
6122
6958
5391
5597
6114
5139
5264
5568
7612
5516
7685
8301
5332
5197
5598
5352
5843
5609
15102
12878
12808
13352
16217
12938
15582
8084
7299
5304
5694
5763
21357
12222
9507
5470
5752
5162
6112
5406
5077
6945
5419
6187
5487
5406
6018
5671
5191
9435
5414
6593
5324
5849
5349
6189
5711
5571
8109
5462
5921
5618
8978
5493
5495
5334
7012
8683
5950
7142
17727
5736
28039
6184
5596
5724
6365
20721
22664
5348
7147
5764
6269
5903
5549
5362
5824
5137
5752
7277
7208
5939
5688
5255
5519
6135
5210
5641
7501
6109
5855
5721
5263
5597
5500
5658
7398
5575
6918
9254
8566
5499
5781
6460
7701
5238
5710
6007
5378
5672
5782
5386
7520
5408
7780
5259
5528
5345
5558
6253
7211
6657
6303
5251
5523
5951
6525
5392
6159
7414
8504
6572
6130
5820
5558
5380
5417
6649
5344
5075
5034
8667
12229
5050
9672
5758
40366
185719
4907
5936
5661
7314
5166
5505
4964
5989
5197
5486
5465
5210
7527
5185
7203
6491
6177
5071
12165
16746
13290
12061
12301
15274
14643
5293
6192
5598
5685
7036
4996
5005
6387
5225
4967
6142
5009
6413
6973
7240
6127
5234
5260
7949
5770
5057
8752
5242
22292
5507
5106
6065
6961
7161
5813
5080
5148
4988
5751
5551
5332
7062
5310
6414
5871
5908
5787
5819
11579
5704
7214
5402
11237
9222
5815
8241
5583
5062
5065
5052
5016
5033
5131
5540
5063
8039
7946
4988
5217
6156
41743
11250
8892
5705
9126
8364
5527
5632
24418
7568
7487
5333
5584
5292
5648
5357
5701
7273
5669
6720
5396
5900
6108
4957
5253
5739
6862
5417
5413
5426
5575
5428
5787
6319
14017
7480
7269
5399
6007
5603
5797
7881
9563
5608
5514
5584
5004
5370
5691
5313
7611
5026
6845
22174
5031
5436
8125
5334
5452
5590
5329
22721
163002
5922
5862
5832
6226
21129
7012
10706
5148
5094
5084
6751
5886
7018
5631
5510
5022
5793
8016
6202
6076
45313
20049
13847
12718
12956
16605
12948
5777
6679
5793
7312
7905
5634
5898
5621
5631
5826
5514
5920
6943
5049
6609
5090
11488
5989
6742
9087
6031
7563
8520
5567
7381
43848
7766
5503
5939
8013
5823
6869
5261
6594
5045
5427
5877
7743
7668
5720
5330
5804
5834
5594
5256
6421
7802
5851
5746
4916
5312
4871
5057
5094
8056
5231
6894
5515
5076
5088
4988
5002
5236
11037
5067
5735
5716
5455
4838
5352
5724
5963
8120
7344
5325
5119
5179
5071
5559
5072
5108
7189
5235
5590
4967
5442
5726
5170
5816
8536
10940
5250
5945
5161
5131
8678
5042
5066
6834
5208
5350
5496
5445
5394
8650
8297
5495
7298
5629
5119
5182
5445
5307
5319
6432
6934
5103
6505
6415
5704
5421
5214
5578
7340
5055
6964
5232
5495
5187
5115
6015
5591
6572
5470
5423
5452
15942
5331
6318
8523
7314
5489
5477
8823
5311
5771
28908
5993
5501
7009
14946
6380
18714
31383
12847
16037
14497
16110
13961
5823
5997
7392
8378
5255
5153
5531
9450
6984
5786
8160
5073
9423
6121
5098
4871
5028
4994
5042
9074
5023
4893
4769
5168
5200
4986
5523
5567
7173
5039
7124
5937
5388
5503
5684
5233
5138
6792
5401
5579
5229
5413
5221
4924
5802
5871
9362
7517
5374
5188
5076
5151
5011
5037
4791
6721
5173
5133
5020
5172
5656
5089
5030
4983
7619
5014
6972
5044
5179
5106
5022
5797
5428
6891
7006
5107
5573
5272
5659
5271
5131
5821
7906
5140
6676
5412
5542
5452
5313
5448
5045
5286
7687
5166
5431
6455
5624
5348
6618
6103
7540
7327
5164
6123
5363
5590
5411
5636
5374
6787
5350
5843
5920
5169
5827
5618
5192
7890
5231
7178
8034
5757
5638
5064
5198
5166
7107
5175
5470
5487
5649
5353
5464
5493
5773
7183
7425
5212
9828
6364
5306
9985
7389
5408
5156
5604
5488
5951
5945
6418
8088
5503
6760
5224
17431
4968
4973
5127
6921
24340
5587
5820
8131
6642
7087
6786
14749
5297
6587
6657
5745
5610
5971
5149
4947
4923
6357
4982
6933
5062
6540
5268
5206
10028
5653
4993
50228
15911
7021
5064
4896
4971
4962
4846
5998
5095
7910
14371
37319
16637
17540
44196
26283
15789
5269
5610
28215
75798
37439
5673
5331
5714
30719
6232
5271
5645
5390
7360
6882
5723
5544
5347
5777
24264
11970
5638
5216
17688
5264
24263
5788
5585
6122
5841
7766
5798
6815
5252
6086
5285
5174
5360
5405
7254
6050
5514
5472
5171
5430
6087
5247
5065
7096
5172
8307
5440
5244
61782
6010
8023
5817
6901
5411
5649
5306
5270
5467
5178
5865
7203
5193
7029
5507
5620
5845
5337
5218
6547
5364
6393
4920
4910
5435
5507
4904
5039
5138
6898
9427
5569
5195
6214
5086
7365
8085
5202
6703
5247
4890
5202
4949
4833
5050
4845
6451
5490
5012
5649
15841
5591
5196
7702
5126
6311
5280
5360
5148
5160
4975
4877
4907
6998
9556
6005
8164
27179
9292
5052
5008
5086
5582
4963
5017
6121
6835
5114
5140
5104
4967
5886
4906
4998
13783
7062
5203
5042
4945
5282
5720
5128
4912
6770
12031
13250
14024
16051
14421
13025
25923
14503
9727
18929
32284
5159
5193
6089
17395
6659
7358
5507
5691
8390
5650
7050
6519
6400
5613
5385
5672
5253
6804
5240
5826
6339
5963
5657
5687
5479
8046
5759
7071
5329
5631
5413
5754
5277
5693
7597
5523
5664
5281
5842
5890
6233
5500
5617
7328
7327
5016
5029
5455
5461
4956
7161
5121
6747
4962
5278
4939
5342
5658
6070
4814
4989
7372
7401
5199
5301
5815
5084
4941
4978
4939
6487
5502
5227
5235
7219
5291
5222
4817
4902
7150
4833
7144
5279
5377
5393
5256
5328
5460
7951
5140
5041
5002
4886
4831
4802
5201
4966
4754
7269
4895
6379
5802
5375
5530
5366
5352
5305
13775
4984
6394
4998
5131
13772
12441
7265
5353
5263
5392
5055
5339
5996
7565
5808
6446
5551
5456
5426
10775
5247
8024
7364
5202
5791
16550
5539
6940
7298
5362
5292
5263
5733
5294
5758
5628
7299
11037
5157
5380
5467
5222
5207
5262
6313
7482
5617
5459
6744
5662
6130
5239
5408
7646
7346
5573
5721
5379
5615
5354
5450
6917
16587
5803
5358
5575
5374
5202
8403
5330
7376
5463
5462
5420
5527
5570
5792
6677
5475
6104
5473
5464
5608
6888
5384
5737
7210
7107
17693
20768
15499
14068
12339
15280
15423
5028
5694
5306
5158
4946
6993
5045
4975
4997
5321
5231
4943
9005
5003
10982
7091
5158
5067
4943
5058
5019
4837
5530
8999
5373
4983
4937
5378
6847
9094
9380
5564
7262
10035
5725
5756
5028
5315
7275
5444
13495
5384
5333
5384
5875
7970
5482
7256
5638
5538
5429
5291
5270
5416
5383
6949
5740
5453
5134
5248
5470
5145
5592
8963
5453
9670
5303
5930
5254
5582
5457
5622
7711
5482
5846
5254
5868
5799
5162
6192
7378
7765
6779
5679
32963
5876
11107
8118
4996
5414
5336
7572
5652
6975
5705
5101
5017
5006
4975
5071
5299
6704
5134
5216
5449
5151
4869
5167
5307
7777
5299
6996
5524
5191
11898
5088
4967
5027
7068
5045
5814
5188
13864
5538
5745
6966
5641
6938
6116
5538
5869
5557
5197
5586
7225
5463
5498
5255
5180
5454
5499
5600
5405
7927
7147
5829
6730
5415
5813
5184
5623
7104
5629
5402
5813
5373
6523
7338
45146
5681
5733
5625
7604
5997
5341
5609
5258
4987
5097
5588
8658
6118
6956
6057
5302
5589
5507
5399
6747
6634
5178
5370
5321
5227
5802
5702
6187
8707
5509
6555
5441
5206
5061
5925
6034
13412
5361
5243
5024
20738
18565
14994
12455
12528
15439
12946
5039
4936
4982
5156
5133
6867
7261
5134
5437
5289
5069
5236
9161
6919
5574
5564
5334
5223
5196
5261
5344
5524
8292
7915
5258
5191
5274
5703
5616
5640
5777
6616
5226
5129
5191
9540
5274
5227
5752
6894
5844
6590
5758
5237
5703
5994
16842
7496
7371
5272
5134
5514
5230
7009
7874
5210
6800
5225
5634
5289
5830
5573
12068
5467
5318
16489
5211
5170
5179
8599
5298
6943
5527
5191
5252
5235
5724
5278
7121
5445
5738
5686
5627
5293
5493
5006
5716
8167
8406
5895
5749
6061
6125
5775
6782
8278
5332
6272
15336
5134
14988
5103
6862
4974
16438
6616
5253
6783
7041
14774
6070
5391
5482
6219
15071
5270
6828
5761
4939
5045
5264
8979
5084
5508
5384
4984
5761
40909
39067
5007
5005
4905
5318
6831
10140
10051
10598
5249
5075
5029
5634
16068
7607
5704
5193
5127
5485
12623
17255
14340
12798
12970
14888
16011
5131
5798
7105
7622
5607
12697
5095
5228
34007
5295
5310
7557
5953
6028
10461
5134
6806
7340
5643
5654
5928
6003
6010
7748
5214
5553
5215
12928
6259
8426
5612
7351
5816
5346
5487
5671
5224
5233
5453
7046
5156
5063
5159
5195
5505
5278
5134
5509
6992
7332
5705
5079
5115
5117
5121
5419
5115
7212
5661
5391
5631
6471
6500
6134
5621
8132
5850
7112
5387
5772
5214
5191
5199
5977
7377
4983
5032
8662
6236
5587
5691
5018
7251
4980
6777
5253
5072
5592
16062
11060
5206
5506
5114
6339
5916
5256
5386
9476
14472
5291
7531
7333
5189
5361
8417
5239
17979
5308
5394
17165
7831
5214
5097
5131
5458
5244
9404
7599
5022
5477
5957
14291
5161
5316
7581
5190
6508
5424
5208
5008
5558
5350
5361
7899
5360
5201
5137
5469
5396
5416
5646
5291
7892
5745
7164
5401
28646
19226
5474
5314
5194
12491
16416
14348
12393
12578
14232
13350
5711
5211
7322
7739
5966
6765
5475
5663
5445
6735
9720
7255
7176
7789
6425
5665
15926
7881
8097
6136
6256
5764
6173
5588
5384
7579
6154
6275
5526
5400
5744
5731
8928
7128
10412
5377
5579
5675
5934
5876
5498
7096
5408
6149
4932
5068
5167
5232
6894
5691
6997
11663
5215
7003
5056
9019
5302
7631
5596
5914
5498
4992
4992
4976
4944
5217
8081
5893
6437
6546
7335
5260
6337
5136
6386
7457
5079
5322
5110
5393
5093
5283
5470
5055
8106
11161
5334
5641
5098
5293
5525
5127
6929
5245
5009
5027
5573
5345
5705
6444
5510
7385
7716
8230
5187
5473
5076
5082
5187
7005
5161
4992
4952
5903
4942
5078
4970
4940
4992
6689
7152
7938
9395
5607
5101
5100
6811
6904
5223
5338
5396
5434
5655
5022
5020
7618
5448
6913
5141
5148
5293
5303
5100
7421
7651
5308
5717
5265
5139
5514
6010
6917
5161
6936
5210
6689
5235
15394
5725
5254
6977
5630
5104
7816
5432
5369
4999
4994
4979
7183
8965
5263
5178
5431
6726
5314
5334
6068
16777
5386
8879
5538
17721
9695
5578
10502
15423
18501
5668
6497
8592
5202
5677
15640
15817
13505
23483
12918
12773
12709
7409
4951
6714
5054
5126
4944
8448
7821
7026
5562
4943
5325
5127
5559
5080
4881
4945
5099
6903
6905
6116
9215
5084
21626
7200
5736
5583
5709
5228
5032
5035
5042
6968
5126
6767
5578
5194
4995
5586
5794
6314
7547
5527
5051
5597
4922
5117
5755
5142
5631
6914
5354
6728
5147
5125
5107
5666
6129
5720
7620
5355
5026
5139
5054
5052
4946
5301
5326
7072
5233
7113
8952
5119
5646
5079
5103
5060
6814
5326
5127
5060
5564
4958
5101
5181
4909
7098
5101
6756
5206
5159
5317
5037
5259
5040
6790
6648
5837
5535
5246
5198
4848
5065
5969
7746
5261
56184
98026
5365
5855
14070
5579
14601
5979
6950
5139
5953
6860
5610
6427
6280
7968
7223
5353
23539
13030
7514
5742
6870
7328
5449
5840
5392
7491
4978
5385
4887
7482
23981
5171
6471
5268
5336
5009
4917
4927
4764
5459
9961
5070
5172
12193
14496
15290
14264
13043
13577
16579
6261
10135
5197
5061
5646
6886
4995
7043
6344
5701
33742
7346
5080
4901
4915
5254
5011
5798
7061
5226
6451
5159
5163
5140
5601
4970
21969
18745
5698
5658
5190
28014
8842
5273
8188
7620
30943
13896
7235
7407
15605
6869
5565
5804
6281
7161
5314
5419
5588
5681
5256
5803
5307
7634
5662
6941
5806
6221
15495
6338
15336
5252
5330
5590
25536
8091
5654
5747
5565
5585
5529
5725
11640
5831
5327
18413
5836
5606
7995
7179
8063
5116
5072
5510
5510
9589
6939
9232
5265
5461
5233
6264
5542
5256
6897
5163
7107
5882
5769
5826
5021
5022
5107
8126
5075
4918
5841
4982
4803
5462
4804
4968
7123
5071
7662
5074
5069
5153
5041
5236
6490
17060
6405
5868
5754
5210
5337
5352
7655
5628
7199
5424
15093
6083
5202
6814
8896
5232
5804
6466
5588
5187
5199
7572
5374
7086
5386
5348
5813
15856
14643
13472
12988
14790
8596
14147
5863
5623
5158
5184
9519
5385
5181
5768
5522
5260
6021
5512
5584
7220
5095
7409
5145
6046
5694
5358
5185
5159
8029
5413
5298
5305
5374
5056
5046
34500
7675
5719
5238
5144
5640
6867
5083
5251
5184
5040
5462
5481
20730
7069
5209
5747
5252
5591
5325
5207
5855
7107
8501
5339
5236
5349
9086
5109
6959
5208
6718
5947
5362
5964
5304
5487
5129
5144
6860
5177
5791
5717
8085
5345
5197
5363
7079
7201
5846
5287
5107
5371
5168
5109
5144
7990
5756
6187
5804
5305
5747
6068
5365
8093
5468
15006
5391
8389
5351
6204
6602
5013
5439
5100
5733
6819
7165
5292
5555
7205
7207
5481
5052
5031
5293
5610
5127
4961
7035
5103
5198
5215
5315
5000
5030
5322
5117
6973
6052
7132
5530
5246
7037
5485
5090
5044
7255
5593
5128
12676
8104
8294
8135
5512
12887
5247
13347
4957
7756
15405
5683
5660
5462
5210
5120
14611
13036
5330
5531
5087
8934
5054
7046
5019
13729
16141
5047
4827
7318
6855
5011
5058
5194
5687
5005
5108
4970
8124
4985
5016
4934
4924
4936
5051
8919
10222
4977
14686
5044
5299
4965
5285
5551
19336
5683
5116
5130
5663
5955
10786
16509
17777
15718
14161
12305
16898
15895
9704
5344
5831
5570
5559
11322
5681
5269
5721
5266
5655
5275
5750
9865
24709
5410
5569
7434
5215
7058
5275
5740
5148
5050
5232
5220
4972
5075
7987
8908
9465
5751
5104
4943
4970
4964
6649
5318
5687
5276
4955
5117
5188
5075
5072
5382
7387
6830
5222
5068
5918
5031
5089
5713
5150
6779
5099
5065
4909
5059
4993
5119
5477
5598
7446
5461
6759
5093
5517
6208
28218
5076
5607
5674
21446
7111
4943
6344
5753
8702
6858
5373
5080
5600
6511
6178
5551
5497
5641
5036
5111
5083
8151
6586
7517
6751
5723
5166
5149
23981
5568
5111
4984
5031
4979
4965
4949
7179
5007
7410
7065
5629
5274
5384
5253
5483
7185
5216
6146
5297
5534
5263
5315
5642
10370
5653
7285
5600
5362
5669
5306
5412
5349
6884
5135
5741
5339
5709
5845
5831
5308
5321
7775
7507
5701
17225
5782
5171
7192
5368
5428
5489
5437
5587
5500
5542
5098
7806
14180
5461
5530
10159
9061
8954
5484
5360
5712
5226
8977
5787
5303
7818
7648
5544
5660
5216
4976
4939
4962
4917
6615
5366
5012
5275
5100
5664
11127
5167
7037
27844
6243
5631
5089
5154
10763
5028
5017
14878
38712
12770
12547
15036
14760
9931
5420
5171
7933
7815
5121
4943
5081
4921
5265
5818
5885
7932
5290
4912
5717
5096
5801
5325
5181
6020
7603
6973
4983
5079
5171
5152
5722
5104
5104
8066
5585
5029
5516
5493
5327
5226
5359
5318
7204
7173
5293
5412
5402
15675
5571
6909
5043
4972
5248
5122
4959
8621
6164
8049
5459
7394
5235
5251
4917
5326
5500
5170
9826
5784
5957
5680
5856
5517
5037
5908
7707
5335
6426
7025
5010
4824
5044
4840
4889
5280
6997
5155
5763
6982
11102
9851
5596
7075
7973
5470
4989
5640
5071
5097
5478
5627
7627
5362
4890
5385
5637
4994
5431
5450
9490
5592
6877
5076
5003
4986
5265
4950
6626
6785
5341
5037
5108
5692
5140
5220
6092
5293
7904
5297
7275
5131
5771
6365
5525
5159
5147
7644
11722
5497
30850
5070
6312
4971
5691
4908
4975
5236
7674
9417
7708
5007
6305
4976
6081
5737
24160
11117
5807
5705
5100
5098
30437
13777
5673
9162
33373
5652
5310
9586
5052
14091
6572
5202
5108
4956
7311
5192
11743
29740
7225
5089
5665
5207
5237
5559
10354
4920
7136
5082
6483
5034
6997
5069
5213
5245
5855
7487
5299
5677
5518
6606
5851
5221
20944
42146
17281
14576
12429
18350
12144
11144
5720
5410
6312
6915
5356
7263
5034
5028
6688
5521
5053
7619
7208
5699
6014
5016
5449
8987
6083
8411
5274
5891
6124
5089
5155
5347
8425
6847
5097
6886
4990
8994
5369
6740
5009
5788
6912
4969
6106
5272
5694
5033
4966
7035
9292
6893
12683
5034
7510
5282
5375
7250
4962
6847
41677
8322
4915
11630
18461
7614
5702
10553
5092
4948
5356
5514
4996
7083
5108
7286
5558
5202
5146
5106
5601
5291
8919
9946
5796
5021
5361
5408
5243
6015
6868
4955
6473
5113
16243
5343
4966
4982
7852
6015
4915
5379
5821
5616
5578
5146
7552
9498
5542
8271
5430
5666
11194
10342
5151
13404
7553
8084
5835
8582
10433
5221
5201
6439
5239
9936
6720
6241
5950
5275
5096
5059
5681
6645
8419
5413
7430
5898
6252
5421
5568
5592
5398
6665
5952
5621
5143
7188
5652
5092
6066
5425
7128
7478
13150
6966
26820
15075
13799
15153
15014
12267
19886
8240
6059
5512
8263
5619
6105
5869
6095
7121
7520
5323
5047
5814
5679
5147
5858
6387
11112
6460
5543
5526
5303
5170
5466
7937
5048
8026
5401
4932
4882
5801
5035
5342
7978
5092
5207
5364
5096
4918
9162
4975
5096
6764
5526
6371
5362
5084
8332
5430
5323
6665
6982
4910
5239
4995
6172
5713
5031
5054
7664
5468
6717
5043
5484
5396
5776
10958
5785
6693
5161
5133
5634
5500
5396
5267
5044
4997
7037
7062
5694
5121
6012
7883
5720
5204
6712
6842
6096
5495
5521
5403
5480
6001
5598
7628
7111
5255
6215
5319
5413
5082
5176
5579
7374
5568
5294
5660
5352
5797
5351
5201
7613
5676
6615
5808
6628
5571
9622
5689
6633
5387
5050
5039
5281
16832
5290
7480
5313
6791
9994
5495
6580
5332
5449
7049
5337
5304
5538
5311
6034
5564
5126
5295
9851
21640
5637
11366
12475
8507
5427
5139
5581
6441
5634
5235
10974
7539
6100
5385
4867
5776
5359
12319
9627
5149
35543
5438
6922
22767
26000
5170
5779
5131
5317
7526
5354
8009
5718
7099
5780
4982
5321
5162
5646
5284
8798
5821
5352
8637
5265
5348
5036
5758
6822
4984
13802
12193
16712
13927
12209
12100
12303
7097
7091
5218
4972
5166
5818
5598
5440
5966
6548
5378
5036
5226
5197
5100
5489
4889
5124
7068
4904
7116
6394
6470
5206
5783
6255
5926
6741
5165
5278
5648
5038
5096
5203
5149
5641
7891
8453
5912
5630
5377
5889
5295
5412
6611
5335
5274
5328
5509
5453
5595
5480
5642
7116
10132
5560
6116
5952
5213
6069
5627
7044
5576
5855
5710
5862
5258
5676
5202
5772
7408
7318
5537
6683
5283
5240
8591
5421
7558
6378
6146
9688
6039
5701
25623
5531
5931
5349
5452
5267
5234
5689
7125
5222
5593
5301
7654
5756
5332
5848
7199
12824
6605
16676
5174
5613
7040
5251
5570
5286
5241
5192
5572
5746
8311
5728
7243
6673
5609
5516
5289
5767
5256
7062
5501
7681
5362
5053
5303
5976
5655
5016
7045
7081
5267
5112
5640
4973
5097
4873
5858
6536
5500
5097
5023
5236
68341
14713
11838
6069
83327
103974
5469
5533
5469
6036
5090
5122
6906
8063
7532
5519
6085
5399
6024
5950
5586
8262
5201
5597
6185
24693
12828
8157
6273
5415
6194
6273
5819
12798
5889
5955
8868
5194
5262
5791
5434
8560
7933
6150
5684
5276
5242
5557
5286
7061
5656
12525
14467
12311
15585
13028
12452
5667
4855
6377
5868
4983
9153
5015
5002
4946
6068
9673
9431
5563
4959
5031
4941
5943
5175
4974
7444
5480
5195
5009
5167
5001
5627
5114
8754
5199
6958
5097
5087
5298
5560
5995
7982
4947
6906
5193
5011
5025
5536
5527
5017
4990
4962
9428
6612
5065
4968
5145
5498
6143
5196
5114
6524
5016
5291
5261
15568
5851
5830
6897
7303
4899
20666
5396
5544
6402
5552
5199
5426
5192
5519
5137
5762
22469
10029
5059
5050
5282
5865
5595
7285
5197
5460
5110
6086
5229
6142
5385
5399
17270
8414
5371
8527
5419
21348
5395
5330
5561
5440
5603
5220
6964
5812
7042
9076
5571
5284
5348
5227
6373
7410
5214
5574
5757
5200
6465
10569
7765
5731
6951
5424
5280
5581
5206
5232
5148
6926
5516
7347
5303
5556
6562
6278
5358
7831
5241
7545
5149
5064
10794
10091
10655
5993
5928
5527
5850
5285
24448
28560
21646
8504
5530
5967
7171
6070
5874
7607
5617
6703
5305
5074
5242
5417
5039
5566
5678
8376
5617
5676
6389
6132
5368
5159
5218
7091
5122
6930
8126
5087
5307
6501
5671
5311
6561
5273
4907
4893
4914
5161
5020
8601
7743
5515
31432
5921
5233
6688
5400
5368
5468
12869
11966
16182
12730
13763
25671
12748
6460
5431
5915
7629
6588
8566
5148
6203
5669
5323
9109
7541
5049
5232
6430
5774
5925
5560
5308
5688
7796
7287
5569
5617
13312
5515
5343
7323
5419
6583
5434
5772
5234
5125
5680
5355
6972
5437
6542
5977
6056
5658
7346
10918
7191
6565
6413
5770
6541
5381
5204
5410
7183
6973
5696
5752
5472
5148
5120
5025
5016
7227
6511
6018
5427
5573
5245
5233
5397
5093
7026
8288
5432
8201
5310
5182
5515
6381
7812
5870
5289
5192
5351
5088
5560
6965
73006
37518
5999
7268
5745
5304
5081
5177
6607
5318
7564
6291
6693
4966
5009
5261
4906
9671
6994
4986
9568
5610
5453
8009
5954
5473
7245
5862
5293
5572
4923
5392
5165
5774
5504
6689
7688
6513
5647
6113
5666
6005
5286
7207
7700
5137
5591
5376
5326
5398
5257
7942
7411
7302
5003
5072
5308
5238
5907
6428
9399
6103
5793
9295
9926
5568
5462
7709
7709
5529
5767
5816
7893
5493
6631
7289
5608
5536
6542
5650
6006
5810
5899
7635
6555
6681
5631
5458
6039
5380
5856
5520
6745
5463
5991
5283
5265
5393
5474
5309
5217
7882
7626
5261
5432
5469
6194
7396
5595
8292
13849
12733
9854
15670
14471
12908
10212
5868
6777
5543
5545
5169
15162
6367
7363
8375
7111
6261
5816
5532
16134
10810
10295
6722
5557
5499
5347
5374
7533
5668
7086
5509
5501
5733
7874
5529
5197
7541
5343
5655
5196
5360
5644
5002
5326
7717
5703
7610
5327
5365
5064
5616
6495
5349
6565
5986
5682
6800
5154
9293
7653
5143
7590
7518
5175
5541
5480
6691
4978
5045
11130
5878
5407
6415
5930
5270
5456
4988
7742
5435
7326
5170
5742
5244
6856
6116
6205
7293
5315
6178
8944
5139
5689
5158
5886
6991
7448
5435
5939
6172
4827
5017
5080
13306
5602
4936
5101
5079
4881
5062
5385
5573
9073
6989
5136
6737
5087
5137
5059
4950
5164
6912
4944
4928
8870
5246
6560
5355
5129
6772
5023
6790
4983
5001
5305
5097
5065
4945
5025
6642
5042
4943
5279
5079
5698
5269
9381
9488
7317
5871
5817
5135
5197
5547
5106
5287
7026
5424
5525
6665
5419
5561
5332
5581
8578
5536
7871
11526
5728
6775
5576
5659
6685
6149
5886
5306
11232
6072
6119
7457
5610
7560
6030
5995
6376
5794
5665
5648
7316
5353
5649
5707
5133
15038
7808
5143
15783
7500
5441
5269
7117
7015
21448
13454
14620
14932
19727
15049
14953
5931
5001
12446
5095
10395
5218
6478
22329
26796
22177
6140
7203
7181
10143
7399
4869
4789
4686
5132
5028
4800
7260
5264
5627
4833
5291
5106
5039
6206
7365
5762
7102
5098
5235
4823
5201
4889
5092
4992
8033
4852
5099
5047
5011
5271
5229
4833
4767
7526
5541
6579
5126
5120
4800
9180
5103
5041
8018
4925
8736
5240
5031
4700
5026
5106
7443
4664
7172
4926
5781
5087
5087
4978
5089
4910
6483
10852
5227
5615
5189
5874
7875
5981
7389
7414
5242
11945
5515
5357
5740
7192
5275
5336
5588
6287
5312
5298
5409
6178
6979
5442
10663
5151
5580
5625
5216
5266
9785
5755
5460
5410
5264
5872
5304
6009
9000
5278
6670
5707
5125
4940
5206
5236
5796
5511
7433
5773
5215
5925
5686
5295
5201
5612
7330
5663
7051
5020
4935
4959
9359
5461
5409
8960
5298
5665
5141
5239
5499
5080
5852
8173
5099
7850
5351
13671
5520
6476
15205
5545
4985
7936
4979
6300
5261
7978
8687
5270
5354
5496
5329
5629
5518
11386
19960
4929
5441
6093
5640
7027
4993
7515
5697
5975
5624
5138
5018
5058
7084
5828
5232
5020
5042
16887
5134
7522
5139
18084
13703
14861
12712
12530
13196
15144
7724
5178
12710
5543
5552
4929
7104
5143
5255
5405
11348
5050
5158
5596
30796
5138
6407
6430
5046
8131
5093
5134
5706
5404
6077
5836
5073
7588
5127
6963
5012
5092
5805
6192
5097
9443
7365
5487
8612
12268
7784
5689
7568
5615
6477
5972
5541
7368
5756
5269
5604
7356
5498
4950
5090
6008
5179
4960
5203
6011
6839
6102
5809
5399
5721
5300
5949
5714
4976
7778
5114
6009
6196
5824
5226
6011
5555
7626
5395
7255
7285
5167
5451
5501
5452
5327
6580
5693
5845
5456
4856
4992
5145
5019
5132
7510
11953
5326
5835
5513
5151
5632
6106
7163
6953
5904
5558
5432
5264
5539
5324
5654
7309
13661
5981
6523
8313
5262
5419
6863
5343
5772
8967
5168
5386
8210
7823
6160
8023
5223
5217
5516
5052
5038
5347
6977
5697
6193
5705
5379
5831
5897
5855
11275
5335
6510
5619
5402
5070
5531
5528
5652
6628
5542
5249
5442
5046
5053
5238
5106
4998
13225
10466
5241
4748
5293
5123
5454
5228
7780
5388
5021
4910
5023
5527
5473
4893
5263
6733
14930
18991
5098
5111
5221
7859
17457
5250
4986
5242
6037
7681
7319
5020
5277
5443
5192
6004
5770
6185
9242
12896
12623
13250
21417
14581
13097
13927
7171
5544
5413
5857
5682
5231
5186
7151
7739
5999
5279
6477
5307
8938
5687
7434
5594
5019
8369
5518
5234
5709
5232
7578
5452
22318
9831
5571
6219
10276
6042
5927
8034
5766
5205
5359
7698
8067
5916
5584
6485
5480
6368
5519
7017
7113
5043
5417
5707
6837
5600
6469
8927
6030
6102
5352
5521
5126
9289
5974
8239
5455
5012
5440
5552
4907
5575
5400
6110
7231
5831
6921
5296
4998
5620
5479
5531
7895
7219
6050
5381
7966
5360
5901
5704
5864
6998
8645
5043
5433
5351
5568
5947
6111
5329
7635
5704
5335
5503
5517
5828
6173
5733
7485
7409
5578
6699
5582
6019
5710
5602
7424
5523
5895
5874
5341
6182
5443
6323
6154
7029
7592
5756
5467
6693
5815
5536
6018
7949
5982
10037
7122
5672
6481
5564
8464
7803
6863
5903
5711
6031
5061
4953
6040
6964
11277
6552
16891
5908
6737
5710
7405
5494
5787
6219
5328
5812
5827
7225
5984
6065
17417
7237
5026
7175
7239
5451
5426
5106
5461
4954
5243
5219
7184
5484
5375
5746
5271
5796
5389
5567
5056
6956
7211
5599
5698
5396
5095
5192
4963
4891
12530
6537
4881
5170
5001
4945
4922
4977
16156
15991
13112
14430
12671
13192
12575
5328
7733
7276
5208
5402
5148
7415
5258
14798
5604
24622
5463
5420
10065
8521
5402
5290
5949
5945
5828
5254
6493
23031
9786
5286
5516
8187
5699
7692
5317
5913
5261
5888
5987
5770
7366
6065
5737
5867
5714
5682
5647
5854
8329
6000
6865
5678
5995
5415
5885
5967
5328
7744
5881
9224
5772
5355
5442
5433
5881
6892
8119
5814
5332
5733
13625
5616
7656
10400
6805
5723
13146
5870
7209
7679
5550
5768
5672
5731
5495
5742
6215
12317
5635
25803
5441
7069
7804
6288
6168
6458
5895
5437
6097
11189
12695
7648
11182
41399
14657
8361
5631
7962
15817
6068
6105
8768
5822
7457
6062
7315
5550
6056
6111
7678
5874
7163
6084
5958
5846
5151
5437
10154
8643
5523
5141
13833
5660
6479
7717
8832
5154
5462
5245
5929
5968
5583
8668
7264
5162
5651
5302
6167
6264
5310
5716
7351
5077
12573
12554
14569
14823
13652
12330
5748
8827
5632
5555
5999
6202
6389
6733
5471
7211
7771
5356
5993
18817
46638
21789
10532
6802
7701
7198
6877
9860
6830
5605
6602
9356
7684
6138
8134
7654
5438
5229
5293
5553
5238
5877
6768
8004
9567
5448
5146
6103
5150
6415
8440
7983
5666
5312
5600
7757
5391
5048
8007
5957
5180
5974
5049
5272
6553
5049
5319
7104
5624
6591
5058
5410
5548
5345
5216
6110
8055
5367
5090
5255
5591
5440
5105
5460
5220
6833
5340
6803
5249
5825
5077
5213
6494
5040
6479
7844
5059
5819
5184
5138
5714
5309
8235
7287
6300
5741
5220
5593
5030
5936
5310
6994
5340
5470
5301
5004
6532
5168
5011
5299
7151
5642
6725
5509
6467
5067
5347
5320
6265
6500
5707
5033
8152
5792
4914
11209
5122
10178
10904
6875
5688
5113
5179
5112
6697
16501
5472
5164
5335
8526
5374
9427
7091
10343
43437
22225
14878
20213
15374
12820
14234
6738
5678
5377
5230
13273
7348
7109
5460
5670
6373
6140
5385
5916
7011
9918
5140
5729
5928
10204
7707
7076
8076
5235
6270
6424
5302
5043
5710
6696
5691
5818
5637
6132
5017
5067
5066
4841
7213
11254
5582
5417
5982
37389
9480
11896
5708
7675
7510
26702
6255
6787
9454
13725
6775
6599
5466
5916
5496
7666
7140
5693
6437
5215
5621
5130
5169
7986
5952
6210
5832
6711
8431
6069
6160
6957
8345
5998
6130
5909
5395
5972
5276
7494
6113
5371
5135
5785
6464
6127
5871
8002
5803
6829
5407
5710
5002
4915
5139
5112
10840
4745
5337
4803
5093
5133
4813
5225
5000
7290
5805
7085
4842
4912
5914
4844
5145
4865
5102
7051
4903
5208
4831
4984
5634
5306
4582
4935
8669
13219
5907
6361
5186
5098
5162
17245
5480
14082
5139
4801
6385
7732
5120
7193
7853
5302
5360
5299
4876
4779
7388
5110
12707
15301
14389
15483
12798
12135
16108
5765
6037
4816
8848
6083
5826
5535
8034
6844
5226
5088
13185
5966
5479
6574
5863
5019
5131
5517
4691
50452
5882
4751
5282
5025
6814
5585
5954
5332
4953
8449
5365
5843
7326
10434
5134
5345
5666
5210
5545
5276
5884
7059
5344
5287
5014
5287
5028
5823
5553
9323
5467
7679
5382
25900
7354
7285
5227
10267
5348
5505
21797
6910
5357
5587
5173
5848
5230
6224
8455
6177
5378
13843
6149
6458
5730
6913
7486
5167
4948
5097
6087
5144
5627
5823
7217
5193
5559
6253
6920
5630
5389
5739
7213
5026
7732
5307
