time	value
0	2712
0.5	2712
1.0	2712
1.5	2712
2.0	2712
2.5	2712
3.0	2712
3.5	2712
4.0	2712
4.5	2712
5.0	2712
5.5	2712
6.0	2712
6.5	2712
7.0	2712
7.5	2712
8.0	2712
8.5	2712
9.0	2712
9.5	2712
10.0	2712
10.5	2712
11.0	2712
11.5	2712
12.0	2712
12.5	2712
13.0	2712
13.5	2712
14.0	2712
14.5	2712
15.0	2712
15.5	2712
16.0	2712
16.5	2712
17.0	2712
17.5	2712
18.0	2712
18.5	2712
19.0	2712
19.5	2712
20.0	2712
20.5	2712
21.0	2712
21.5	2712
22.0	2712
22.5	2712
23.0	2712
23.5	2712
24.0	2712
24.5	2712
25.0	2712
25.5	2712
26.0	2712
26.5	2712
27.0	2712
27.5	2712
28.0	2712
28.5	2712
29.0	2712
29.5	2712
30.0	2712
30.5	2712
31.0	2712
31.5	2712
32.0	2712
32.5	2712
33.0	2712
33.5	2712
34.0	2712
34.5	2712
35.0	2712
35.5	2712
36.0	2712
36.5	2712
37.0	2712
37.5	2712
38.0	2712
38.5	2712
39.0	2712
39.5	2712
40.0	2712
40.5	2712
41.0	2712
41.5	2712
42.0	2712
42.5	2712
43.0	2712
43.5	2712
44.0	2712
44.5	2712
45.0	2712
45.5	2712
46.0	2712
46.5	2712
47.0	2712
47.5	2712
48.0	2712
48.5	2712
49.0	2712
49.5	2712
50.0	2712
50.5	2712
51.0	2712
51.5	2712
52.0	2712
52.5	2712
53.0	2712
53.5	2712
54.0	2712
54.5	2712
55.0	2712
55.5	2712
56.0	2712
56.5	2712
57.0	2712
57.5	2712
58.0	2712
58.5	2712
59.0	2712
59.5	2712
60.0	2712
60.5	2712
61.0	2712
61.5	2712
62.0	2712
62.5	2712
63.0	2712
63.5	2712
64.0	2712
64.5	2712
65.0	2712
65.5	2712
66.0	2712
66.5	2712
67.0	2712
67.5	2712
68.0	2712
68.5	2712
69.0	2712
69.5	2712
70.0	2712
70.5	2712
71.0	2712
71.5	2712
72.0	2712
72.5	2712
73.0	2712
73.5	2712
74.0	2712
74.5	2712
75.0	2712
75.5	2712
76.0	2712
76.5	2712
77.0	2712
77.5	2712
78.0	2712
78.5	2712
