8322
5029
5321
5682
5432
16133
5367
5112
4849
5083
24099
17246
12576
16929
15302
13544
5423
5686
5095
8772
5004
5004
5337
5845
4821
5065
5189
5176
7676
5495
7042
5383
5377
5526
4949
5480
5370
6862
5984
6506
10995
15206
23179
6151
5132
5247
5589
6320
6570
7978
8477
6605
26895
9880
18031
14665
10027
7265
5262
7367
7242
5488
8254
5629
7887
14801
6046
5673
14091
16797
6678
6945
6500
5431
5675
5330
5478
7616
7672
5917
16239
6010
5847
6634
5418
9290
5629
4846
5232
5010
6025
30789
15155
5004
5007
6961
4934
5327
5621
4889
5139
5203
5060
4935
7727
6015
7040
4909
5223
4866
5520
7378
6260
8056
5487
7654
5473
5132
80945
101064
5011
6837
5065
4963
5218
4923
4987
7995
6010
6790
5028
5205
5377
5290
6351
6650
6550
5521
4957
5036
5311
4916
4870
4923
4844
5283
7132
6820
4907
5122
5040
5897
5338
5963
6843
7755
5185
5867
6669
5447
6038
6051
5383
20531
12031
12954
14675
8413
16849
13353
9188
5477
6275
5049
5457
5099
6268
5849
5141
7015
5164
4964
5488
5248
5176
6093
5658
5060
7181
4925
6745
7276
5109
9815
5197
6757
8904
5280
5475
5329
5883
5521
5535
16654
7513
5056
6611
5498
5938
5719
5024
5967
7186
5011
5856
5237
7902
9236
6364
7842
6109
6517
6150
6222
5921
5986
5871
5444
8447
5020
5742
5449
8785
7171
5556
10042
7069
5858
5287
5648
5004
5053
4965
5176
7041
4978
6074
5153
14181
5272
5027
7549
5550
6305
7950
5695
5019
4937
6224
6302
6590
6969
5064
5061
5358
5097
5334
4873
7734
5623
5084
6660
5029
5097
4957
5045
6850
6159
6465
5302
5302
5442
5395
5394
5239
5133
5111
7110
7225
4881
4766
5355
4881
4993
4792
4943
5035
6436
5074
4993
4884
4880
5218
5022
5062
4894
6811
5248
6531
5054
4974
4837
5152
5052
9758
8232
5106
5201
4847
4851
5013
5396
5194
5349
7576
5412
7087
5212
5007
4961
4797
4782
5351
5533
7352
5043
4820
4817
4798
5423
5229
5213
5616
7243
5103
6591
5001
4970
4980
5048
5054
7029
6900
5100
5239
8948
6265
5711
5363
5419
7530
5358
6986
5077
12937
12947
15182
12467
12450
12241
26796
5269
5115
5533
5114
18529
5525
5020
4976
4997
4769
5189
5036
6955
4924
6929
5446
4911
5039
4966
5141
4980
5599
9942
10007
4970
5122
6014
5094
5736
7479
5611
7038
5401
5662
5055
5019
4947
5703
10160
5549
7016
5427
5174
4889
5238
5214
7472
30216
4936
4878
5026
6352
9823
4887
4893
4948
5118
5118
7913
10291
5283
8294
8994
5043
4867
4967
4939
5194
6906
5994
4933
5405
5271
5350
5273
5110
6123
6941
7559
5126
5089
13851
5400
5345
5286
6983
5254
5808
5237
5161
5629
5564
5606
8253
5607
7075
5096
5128
5814
5908
5837
5934
7233
6185
6220
6236
6417
6405
7021
5920
6785
7154
5667
5239
10535
5522
5511
6044
7821
6318
5620
5369
5286
5539
5241
5170
7775
5892
7349
5542
5157
5359
5554
5347
5725
7791
5275
5286
5962
5633
5289
5433
5685
5706
7189
8149
7594
8859
5308
5626
5362
5542
10514
5192
5438
5855
5080
5028
25814
5136
5228
5442
13347
6398
6416
5193
5079
4949
7570
5825
5851
5092
5340
7616
7324
6263
5033
5521
5568
5029
5226
5570
7391
4986
5802
7019
5237
5297
5269
6605
7351
6188
6455
4919
4993
14176
14891
16738
16989
14248
13657
12144
5659
6035
5260
4825
6863
5191
4802
5133
5587
5545
5872
5419
5240
7076
5335
7290
5978
5125
6526
12940
6993
6980
5145
5174
7545
8239
5033
32212
5486
6190
5229
5197
5534
6716
5657
5001
5485
5226
5178
4973
24450
14112
7693
5263
5356
5264
5175
6453
5482
5634
5536
5516
5236
6039
5382
5101
15090
4977
4881
5466
5514
5710
5404
5611
7712
5434
5357
17288
5467
5097
7895
5979
6541
5930
5692
5593
5493
6152
6203
6904
5953
5901
5772
5397
5705
9493
9151
10006
5309
6820
5449
5097
5520
5119
5120
7101
5698
7309
5956
5111
5136
5568
5928
10863
7165
7339
7709
5027
5077
5025
5922
6831
4976
6449
5509
5567
29538
12598
5012
5281
5120
5138
5057
5636
7264
4861
5840
5178
4930
6113
5491
5152
7357
4769
6747
5245
5034
5194
4813
10120
5100
6647
5264
4957
5009
15192
5530
31628
12774
5944
8996
17739
12617
21153
16137
19879
18464
11936
23727
12458
11115
22124
5706
5335
5636
5113
7125
6097
5755
4953
5017
4951
4964
4921
8381
6086
7527
5099
5929
5130
4980
5177
5450
5043
7133
5190
4942
4803
5401
8829
6238
5878
8139
10649
6323
5398
5201
5003
5225
5002
7961
6003
4836
5113
5310
5595
5778
6263
4932
7736
35313
9172
9883
6995
5816
6024
5435
7583
5954
7160
5091
17872
8514
17470
20745
7179
5539
5534
5295
7987
5852
6734
5087
16620
5247
5111
5155
6786
4957
4963
4969
5288
5671
7187
5042
4822
9406
6247
5644
5013
4789
5261
5100
5020
5774
6548
5225
4811
5447
4915
4784
5091
7394
8265
5281
6853
5222
4881
5344
4881
5065
5035
4794
6288
5080
5810
5257
22766
38103
40690
5491
5762
5692
6331
5846
7317
7401
5114
5154
5742
21290
23866
5236
5117
5676
5198
5250
7566
7369
5685
5370
6355
5529
5487
5242
6208
16725
34162
20154
12905
13095
14678
5403
8631
5091
5333
5508
4968
5263
7659
7183
5545
5248
5171
6075
6429
5536
6848
5483
5480
5594
22927
5801
7348
7239
6151
7502
6191
5825
28009
73209
44530
48819
8588
8211
32977
5550
6092
5930
10850
23594
6167
5756
5630
5297
6698
23426
6194
5830
5058
7239
5514
7259
5983
5780
5233
5860
5143
5227
8755
5792
25104
5441
5484
6981
5131
16301
6376
5094
5110
5241
5123
8007
5243
5483
6105
5240
5371
5054
5051
7520
5856
6512
5901
5504
4930
7132
4898
5530
6757
5860
6026
5537
5196
6385
5421
5209
5028
7083
7550
5607
5555
5409
5601
6146
5332
5896
7955
5945
6140
5707
5253
5616
5287
5190
7795
5253
6688
8463
5412
14054
5288
7772
5236
5431
5217
5165
5118
5501
5201
5318
7935
7404
5249
5088
5038
5371
5645
5596
6892
8327
5555
5686
5114
5055
5070
5455
15413
14907
12958
12858
14877
13338
12946
5087
6969
9106
7324
5608
5737
6121
5732
5510
5610
5433
18484
4975
4936
5457
5699
5013
9484
5739
6697
5044
10539
5276
5313
13058
5280
5606
5350
5539
5198
6030
5474
4947
7218
5264
7047
5549
5241
5711
5274
5477
5030
8530
5236
5124
5616
5454
5839
5143
5473
5559
8312
7333
4976
5117
5030
5085
5888
5252
5996
6988
5094
8772
5045
5302
6329
5182
5246
7090
9125
5275
4996
4939
5572
5887
5567
5118
13798
23536
17778
5230
6883
23263
5631
6794
7055
8808
5156
5361
5692
5055
4973
5014
7033
5270
6646
5576
16720
5531
5610
7454
5678
15532
6048
5871
6677
6003
7629
12705
6600
5813
5738
5520
6342
8720
5583
5716
6072
5043
5843
7407
5163
7975
9724
5723
5245
5756
5143
5407
5301
5381
7661
5273
5395
5509
5252
5262
5543
5574
8838
5433
7215
5861
12252
5674
4927
36199
7059
5912
4836
6936
5126
14097
12647
12294
15024
22094
24428
18396
5979
14232
6650
8352
5768
5694
6380
6081
6632
5244
4847
7159
7096
5901
9158
17452
9415
6165
5862
5133
5721
5057
5182
5180
5477
7081
5340
7037
9697
5855
6386
5963
6667
6938
5237
5166
5164
5502
5265
6927
6870
7806
5275
6911
5177
5646
5747
5525
5976
5415
7077
5723
5663
5379
5680
5331
5743
5306
5609
8119
8099
6645
6372
5540
5210
6280
5514
8161
5134
5062
5848
5005
5026
5033
6890
5120
8145
8683
6509
9100
6460
5079
10479
10381
5158
5190
5502
5131
9025
5303
7504
5219
6438
5602
5866
5289
5759
4936
5237
7089
5152
5504
5129
5178
4991
5048
5022
5558
7847
6237
8007
6344
5863
5021
4960
4934
4942
6747
5254
5112
5713
16984
5653
5384
7301
5850
8936
5929
4886
5270
4983
5009
7470
7457
5831
5516
5096
5606
5819
7135
4884
7161
7803
5362
6052
5988
5623
5321
5563
6300
7152
5955
4993
5255
5376
5180
5789
5936
8164
8087
6366
6128
5381
5056
5038
5961
5871
8092
5803
5280
5099
5026
5256
9743
5247
7997
6937
5158
5564
5030
5125
4950
4977
4988
8241
6851
8099
6238
6767
5172
5583
8405
6767
14957
13831
12317
14914
12693
12932
15051
5449
7065
5424
5099
5466
5525
5239
5768
6724
5299
5345
5550
6145
6138
6292
6128
7938
6506
6751
5304
5629
5232
5242
5851
4960
5348
6531
5105
5035
5273
5212
5310
5090
5203
5163
10898
7904
5028
5280
5571
5056
5024
5923
8035
5732
5610
5577
5685
5674
5672
5845
8558
6429
7330
5449
5357
5331
4939
5016
4949
7263
5533
5019
4995
5002
5004
5132
6082
6020
6875
5121
6500
5074
5127
4869
5259
5730
5040
5277
7889
6170
5686
5393
5229
5609
5078
5029
7888
6076
7702
5946
6961
5984
5443
6078
5829
11493
5477
17067
6867
17398
7672
5661
5232
4955
12039
5057
6638
5445
5694
5283
5352
5497
5482
5612
5475
7695
5392
6730
5526
15325
17877
15278
5778
5856
6623
21230
7144
6035
27322
7209
8243
6964
5960
8412
6065
5879
10128
5456
6500
5668
5282
5121
5611
11038
6874
5261
6925
5530
7283
5450
20782
26004
16997
16153
12588
13549
17742
7190
5530
31648
7659
6039
5831
6521
5480
5309
5611
5190
26749
26729
30121
5484
15038
7718
10210
6665
34830
6478
7713
5533
5220
5329
5508
5385
7876
6422
7955
6493
6223
5398
8319
6173
7647
5917
5436
5638
6522
6497
5500
5043
8962
10173
6123
6893
5961
5869
4907
12467
15870
6981
6306
6832
6658
9267
7794
6048
6021
5341
5377
4843
5270
7975
5877
6010
5232
5123
5218
5659
6254
6603
8255
7092
5882
5781
5905
4940
6278
5828
7102
5169
9558
5006
5317
5874
5824
5118
14822
6335
5050
5774
28373
6659
6293
5606
5955
5477
8643
5414
8583
7204
5762
5070
5350
5415
5714
5936
9355
5272
5051
5409
16725
5630
5239
7614
5443
6799
5910
5526
5495
5651
6917
6534
7946
5877
5456
5280
6712
5669
5377
5305
7879
7575
5485
5155
5079
7192
7124
6190
8118
5529
4973
5393
5268
5392
5577
5277
5476
7077
14504
12813
12409
15314
12573
12905
12896
8211
10234
6189
5671
5209
7748
5169
5691
7014
5322
5610
5699
5436
5208
5814
5228
5963
7799
7867
5760
5380
5807
6426
5982
5690
7249
5869
5076
5813
6837
5096
5373
6439
8453
6219
7678
6170
5850
5632
6288
5743
5392
7793
6885
6328
7091
7851
6187
8991
6394
8085
7384
9835
6223
15907
6544
7621
5742
5458
8890
5856
8015
15868
8994
5933
5990
9164
16267
28881
8872
8402
10568
6068
5977
7682
5101
5594
7452
12735
7893
5145
4944
4905
5487
8009
5476
7126
5065
5090
4990
4946
4907
5058
4963
7934
4897
5149
5180
4902
6270
5519
4908
5254
6991
4947
6784
5054
5022
5145
4903
7503
5429
6383
4872
6162
4872
5116
5074
5491
5050
5356
7389
5044
6838
5467
5314
5129
5243
12356
27390
5671
5318
9859
5525
7273
6971
4923
4894
13783
5124
5083
4949
7166
4892
4978
5038
5185
12943
17384
14545
13873
13181
16094
12940
5799
5754
5251
5285
8110
7892
6310
6616
6091
5020
5757
6346
11840
5968
5674
5613
6763
5967
5740
7692
5508
7225
5655
5493
5630
5778
4954
4953
7277
5412
5656
4892
5066
5685
5966
6425
6331
7518
12911
4970
5088
4891
5184
5186
6324
9345
5992
5235
5312
11293
7584
5544
7964
6929
4954
5223
5241
6012
5182
5401
7730
6990
5595
5781
6240
6015
47939
5682
5470
5634
6528
7353
5429
7049
5412
5427
5770
6190
5357
7352
7139
5330
5216
5623
5271
5605
5452
5828
6686
5333
5706
12656
6305
6006
5708
7390
5880
6472
5290
5205
5150
5187
5604
5042
7247
5181
5333
5137
5527
5422
5311
5312
5625
8118
5274
6596
5196
5908
5478
5496
5352
5870
6757
5596
13835
5597
5340
5651
5746
7575
5545
7183
5158
5537
5181
6002
5153
5138
7695
5883
5520
5958
6640
5240
5468
5136
5111
6925
5309
6748
5333
5800
5270
5492
6189
11053
5491
5786
5508
5532
5590
7346
5959
8000
5820
11137
6019
7572
5020
4853
5023
7074
5352
5036
4935
17688
5084
5076
7612
5070
6665
5578
5097
5047
5078
4922
4960
6011
7675
5001
6028
6164
6386
5416
5210
5154
6967
5253
6475
5418
5565
13118
15783
16299
12912
12201
15820
14138
5134
10624
5392
6675
7354
5456
5286
6174
6157
5775
5819
6120
9181
7155
5494
5167
5721
5209
5370
6895
7238
5507
5398
6702
5828
5673
5582
4999
5239
7560
7084
4953
4908
5118
5130
5670
4866
5109
19034
5160
5103
5921
6341
5881
5133
9462
6578
5417
5283
5214
5604
5386
5583
5425
7575
5185
5450
5656
5531
5457
5385
5469
7911
4931
6660
5214
5125
5926
5822
8612
6679
6730
5160
5265
5983
5076
5161
5313
5213
4937
7032
7088
5084
5007
4914
5454
5273
5097
5027
6430
5895
7008
5147
5341
5417
5798
5011
5007
6798
5820
6522
23160
5082
5398
8146
5335
5002
5781
6272
11900
30966
5138
5662
4898
4931
5011
5124
7798
4994
8533
5947
6344
5583
5701
5075
7245
7240
5471
4908
5122
4929
5448
5098
7593
6734
5413
6677
5618
5674
5203
5414
5008
7503
5611
7018
5087
5376
5397
5037
5015
5961
7185
4980
5238
4834
5978
9748
5106
5041
5003
7381
7216
5243
5185
35067
5159
5138
5166
5487
5290
5110
5088
8006
5551
6992
6072
4998
6845
5016
11127
16199
5879
6025
5561
5465
9295
7890
8549
6341
5468
5119
5970
14299
5302
7398
6400
15302
19264
14679
32578
15179
13891
12607
12988
16034
19567
5471
6024
13961
5185
5677
5155
5339
5574
4999
4986
5098
14608
5686
5624
5230
5201
5172
5643
5667
7475
6719
5917
5366
5376
5590
5160
5377
8148
5639
7377
8206
5241
5636
5741
5394
7997
7112
6059
5704
4955
6290
5001
4966
7961
5406
93868
131211
5100
4929
6114
5119
8522
11767
91202
145596
7416
7642
5603
5461
93124
147915
5341
5148
5157
5547
96291
135405
156135
5867
5587
5390
5928
6223
7525
9708
5966
14496
26000
48407
7590
15784
5715
5719
5702
6094
5936
6905
7625
7246
6066
5454
5863
5945
5526
7267
5452
7413
5474
5753
5556
18773
30481
21726
15121
12968
13625
16272
5585
5039
5497
9206
5043
5051
5750
7108
7367
6146
7639
6018
6312
6509
6534
7671
5563
5110
10333
5667
5178
5309
7952
5502
7149
5676
5789
5332
5791
5746
5382
8164
5283
5841
5930
5825
5407
4889
4911
5257
8685
7223
5399
5251
17137
5640
7404
5627
6378
5222
7009
11876
5992
7893
12094
6711
5072
5317
16974
6673
5778
5692
5592
6089
5500
7062
5538
8216
5768
6848
5819
5743
5651
5651
6118
7400
6858
5327
5700
5768
5789
5555
5673
5103
7405
5419
7776
5295
5088
7109
5024
5521
5642
8427
5882
5312
5681
5540
5467
5261
5990
8901
5105
7683
5460
5557
5583
5835
5483
5397
7880
5092
5395
5940
5574
4831
4887
5572
5233
6929
5524
8312
5611
5565
5394
5183
4967
4957
7132
4953
5064
5004
5828
7312
5033
5114
7997
6612
6983
5651
5386
5241
5680
5017
5142
5086
7602
5050
5209
5139
5586
4962
5112
5124
4996
7158
7277
5341
5379
5151
5126
9041
5409
7113
5106
5113
4991
5001
4951
5086
5658
5504
8492
6565
7428
4957
4957
5072
5051
4961
5072
9054
4938
4978
5069
5113
5076
5677
4974
5231
9531
5147
7479
5281
5397
12403
12870
14266
12558
12952
14959
14271
5812
5572
5348
5348
5659
5264
7154
5408
5173
5189
5027
5020
5559
15339
5071
6796
5116
5700
4961
5079
4996
16893
5603
5408
5205
5247
5108
5589
5150
7944
95052
5036
6898
8284
12933
5040
4981
4870
4938
5322
7530
5826
8836
5244
5027
10418
5552
7093
8255
5695
5083
8545
5553
5099
5111
6642
6324
5910
5653
4970
5067
5170
5190
6297
7568
7466
5243
5318
5697
5371
5110
5811
5715
7289
8973
5409
5401
6890
5298
5773
5577
7670
7366
5525
5555
5711
5784
5808
5409
7922
5598
5731
5801
5518
5445
5674
5360
5866
7806
7456
6528
5738
5542
5718
5076
5216
5543
6886
5138
5385
4941
5470
5126
5397
5059
5627
6892
7278
5547
5324
7284
5108
5633
5061
7595
5662
5582
5702
5493
7002
5064
5277
5343
8532
6881
5347
5478
18998
5608
8813
5490
5326
9824
5304
10878
6436
10357
6837
5389
5666
5087
12112
15957
16065
16388
15892
14517
15193
4949
5008
5100
6980
5019
5982
5050
5487
5128
5088
5027
5992
7103
4916
6678
5324
5151
13513
5035
13343
9750
5924
5037
5276
5083
24932
8666
5065
5101
5035
5895
5205
4934
6877
5124
5243
5341
5338
5055
5198
5781
5059
6922
6999
5057
4975
5166
5379
5367
5364
29565
5525
5573
5976
6419
7580
5335
7586
5474
15029
5718
5705
5071
7020
8851
5598
5571
5377
9883
5816
7017
7834
6104
5146
5208
5123
5582
5769
5288
8007
5109
5446
5315
5221
5432
5384
5147
5300
7373
7018
5167
21574
12224
11088
5359
5313
5304
5730
5176
5457
5082
8491
7201
5854
5137
5198
5188
5349
5581
5362
7181
5369
6478
5704
5435
5140
5231
5569
8532
5729
7082
5289
5365
5500
5448
5174
5159
6729
5327
6991
5408
5187
5702
6178
9182
8034
7735
5073
5268
5419
5625
5282
5578
5074
6983
5980
7255
5188
5354
4956
10053
4944
16019
7173
15681
5847
16017
9597
4937
5365
6415
5307
5023
5100
7104
7535
5110
5004
5027
5076
5109
5122
7707
11480
16774
5730
10164
12761
21944
8361
5564
6774
8559
5689
5368
12101
5790
5330
5719
7834
5848
6638
5228
5488
5439
5163
5257
20204
13439
13666
15372
15026
12398
12946
5945
6788
5529
5547
5447
6506
6108
8751
5829
7339
5147
6858
5136
5124
5034
5099
5517
5398
7975
5673
6062
5070
5755
5139
5208
5154
12039
9465
6216
5325
7536
5381
6624
5623
8423
5818
7734
5861
14618
6770
8181
9298
5923
5659
5573
6005
5378
5933
7420
6772
7314
6148
9605
7325
7467
9366
9242
7529
6686
6776
7911
10258
11060
7754
7814
6448
7253
8981
7029
11077
8060
7169
6821
37286
6868
7030
5730
8870
9421
7706
5438
7457
7185
6490
10487
14284
12825
8436
6224
8648
7786
7455
6431
9277
8027
10851
7022
8491
7747
10477
12004
7781
8077
7968
10064
8128
6769
8985
8801
7472
7596
7878
7971
9087
9550
7418
7945
6689
7938
10770
8288
6882
6335
7489
7888
5454
8035
6453
8296
5972
6860
6064
7346
7620
8239
8447
5786
6815
6573
4924
5230
6867
5567
7661
5591
5417
5776
5388
5743
5007
16765
12431
13041
15459
20226
14519
13384
10916
5267
6350
23611
7818
5359
6435
7380
5641
7289
5471
5482
8666
6874
26587
5483
5438
12569
25844
20997
6222
10099
5444
5519
12839
7580
5217
6773
5752
18344
16935
6916
7873
5050
5048
5133
5082
5857
5882
7341
9512
6344
5786
6245
6014
5805
6076
13754
5253
6401
17856
81817
86936
5743
5768
5298
5958
5095
5876
5739
8543
7242
5851
5844
10967
5123
5521
6046
7033
5128
5730
5298
5276
5422
5114
5258
8413
5769
6972
7135
5560
5126
5110
5576
5319
6533
5352
5013
5118
4989
5057
5665
5099
5599
8138
5966
6831
5957
5269
5312
7201
5199
5666
8003
5315
5421
5068
8010
24859
23407
24685
7055
5819
5074
8119
5779
5200
5561
8944
6045
7797
5778
5917
5948
5407
5532
5383
7206
5366
5497
5662
5279
5752
6041
6871
8096
5667
7570
5771
5711
5514
5473
5216
5310
7646
5975
20158
6998
17751
15060
13355
13024
15885
14973
5994
6632
6716
8696
8672
6025
5334
5872
5596
6157
5340
6028
7243
5737
5694
5246
5593
8067
5430
5480
7127
7166
5696
5380
5455
5272
5220
5730
5819
12322
8589
14796
6865
6785
8701
7174
5405
5670
5399
5767
5337
5474
7782
5549
5823
5837
5329
5443
5309
5298
9101
5679
7192
5435
5371
14829
5285
5626
7201
5931
15441
6622
5745
5331
5574
7521
8621
5170
7033
5733
5261
5275
8474
7105
5482
5704
5523
5558
5874
9034
9968
19563
14376
5634
5384
6550
5508
5375
5580
14504
5175
5567
8045
9808
15284
7334
5435
5151
6441
12279
5937
6072
5850
6069
7179
9413
11337
5817
5448
7315
7966
5583
5814
7533
5820
5686
7127
6952
6152
5882
7783
5909
7037
5953
5600
5721
5760
5804
5554
7177
5365
5331
16868
5677
5869
5319
7161
6880
5178
6039
5187
5701
5008
5180
5465
7299
5058
5180
4989
11958
12174
14590
13326
11807
12084
15910
5349
5417
4928
5061
4933
5127
4860
6982
4935
6644
5496
4994
4935
5040
4966
6085
4953
6623
5312
6176
4835
6584
5610
7100
5540
7246
8149
5925
4919
4961
4903
5236
5220
4913
6904
5152
18200
48106
5866
5426
4975
5248
6109
6805
5570
5560
5842
5906
5937
5573
5612
8000
5578
6865
5764
13615
5382
5798
5539
7147
5592
5779
5635
5813
10685
7280
7512
10674
5424
4968
5090
7757
5087
4985
7437
5839
5978
5948
5735
10069
14557
5627
7137
5775
5774
5934
5779
5552
5824
7064
5410
5451
5356
5979
5521
5475
5404
5233
7064
14928
9373
6784
6040
5280
7066
5551
6996
5994
5775
6007
6195
6040
7234
5219
7424
5089
6065
5062
5136
5175
6875
6662
5151
11537
5466
5301
6297
6698
4941
6810
7461
5800
6199
9774
5932
5827
6036
7262
9011
5601
5510
5370
5412
5491
7691
5438
7299
5035
5740
4956
4827
6135
4872
6395
7774
5097
8799
4982
5188
10016
10110
5489
7287
5054
5853
5133
5193
4869
4880
4883
6807
5011
5615
5905
5751
5444
5392
5248
5016
6932
7750
5090
5423
5489
5294
6036
5352
6246
6694
5464
6008
5491
5895
5015
5483
5756
8673
5151
14801
12450
12844
15879
13090
13877
18635
7337
7837
10191
5591
5018
4958
6737
5489
5527
5407
14326
5584
5637
8311
5632
7553
6102
5804
5530
5839
5501
6329
7931
5902
6867
9952
12102
5424
7290
8310
5862
5583
5587
14298
5459
7365
5563
5511
5095
13857
5125
5532
6862
5001
6467
4990
4991
5056
5772
6821
5260
5439
7397
8863
7219
5381
5410
5336
4993
5034
10483
6106
6853
7676
5484
5125
5065
14178
5143
5539
4957
5232
4923
4992
6022
7851
5090
7370
5817
5303
5308
5094
5016
5332
5068
7249
5397
5521
5516
5836
5091
6364
5523
6998
15368
5115
14367
7120
5189
9406
5418
5128
4968
4997
4999
5059
5028
5144
7370
7462
5505
7668
5171
8507
8192
7284
5968
5726
5091
5027
5111
5236
5312
5064
7044
5593
11885
5744
5651
6251
6972
13109
9048
5207
5167
5393
5215
5219
5145
7283
10640
5567
7211
5351
5288
5080
5360
7809
5449
5690
5495
5166
5131
5191
5487
5192
7314
5771
6790
5565
5804
5199
5634
5377
5892
8591
5304
5215
5467
5334
5839
9352
5767
8439
8328
9681
5394
5312
6180
5565
5662
7502
5455
5173
5808
31734
7653
5575
5318
14608
6187
5628
9453
6080
13081
14083
15367
14708
13729
39526
12621
5436
12111
12554
5754
9280
5933
5505
6639
7736
5912
5808
5330
5356
5712
5683
5362
8546
6524
7127
8867
13230
5600
5793
7571
5564
5231
5166
5535
5665
5422
5157
5778
8007
5213
7077
5600
5622
5553
5204
5222
6269
7035
5275
5278
5572
5375
5437
5961
5677
11546
7445
5523
9040
5736
5303
5578
5216
6913
5831
5653
5637
5550
5515
6297
5555
6031
7475
7202
6101
5394
5353
6824
5249
5756
6678
5319
5288
5445
5266
5472
5145
5600
5385
7189
5681
6870
5672
5940
6116
5904
5850
10266
5662
5206
5665
5456
5651
5709
5215
5000
7290
5762
6940
5419
5913
5703
5448
5451
5136
7890
5233
5281
9900
5890
5220
5439
6064
7268
7396
9150
13208
5502
5602
5941
7303
5317
5853
5436
5236
5156
5611
5493
7794
5812
6983
6100
5406
5595
5222
5052
5119
6997
5989
5608
5200
5582
5558
5434
6012
5393
8752
7297
6883
5229
5529
5159
5179
5501
5033
6980
5044
5023
5312
9166
5664
5841
4942
7176
4932
7367
5016
7198
5252
5121
5176
5094
7126
5491
9038
5413
5627
5893
5428
5873
208971
160666
5251
5991
6352
6425
5234
5366
5462
10020
6485
6125
6945
6105
5263
5289
5774
15151
13543
13455
15574
15013
13370
13003
5743
7528
5878
6247
6826
5466
10443
5164
8524
7233
6848
5496
5755
5662
5927
5704
24267
5449
5571
5145
5903
5356
7503
7511
5742
5138
7882
5540
5581
14729
6050
8111
5558
5552
7181
7134
8984
20807
9208
5338
5423
5888
10619
6120
5595
5577
5053
5229
4973
4878
8654
5943
6654
5516
7987
9183
6080
6106
8033
6116
5445
5071
8807
5153
5356
5599
11042
7378
5036
5114
5583
6270
7083
5787
6833
4979
4934
5275
5030
5949
13623
7022
5318
7936
5228
5607
5204
5057
7030
5780
6899
5125
5288
5291
4952
5344
5171
4976
5021
18493
5335
16334
5718
5412
7434
5416
7391
17414
10867
5126
7029
6971
5400
5393
4999
5642
5475
5059
5478
6840
5048
5579
5189
5291
5489
5042
5122
5103
7242
5536
6768
5557
5824
4941
5512
5274
5385
6400
5077
5340
4904
4985
4957
5044
5014
4859
4855
7491
6885
4885
5082
14168
5656
5106
5082
7021
4897
6775
5039
4983
5542
5658
4986
7891
5103
6455
5553
5090
5127
7910
5169
5673
6554
5574
5858
5379
5755
5113
8134
5751
8457
11806
5679
6858
5025
15670
9594
8843
5128
5098
5458
5123
5005
5143
7930
5392
6987
5416
5013
18065
14645
12489
12481
13601
16368
13016
6555
5108
6323
5488
7837
6145
6135
4938
6016
5155
5182
6131
6284
19680
6689
5643
5854
5279
4987
5940
7024
5466
5370
5210
4951
5018
4971
5162
5098
7215
7660
5002
15251
5623
5222
5097
7954
5928
5263
5946
5544
5086
5809
5020
5084
6971
7214
5144
5610
5141
5640
5255
5173
5469
8309
5210
5733
5376
5087
5184
5541
5185
5227
7130
7406
5421
4948
5443
5105
5375
5154
5556
7002
5095
4979
5226
5858
6341
5499
5179
4989
7074
8632
5168
4969
5803
5275
5006
5651
5021
7329
5052
5273
5159
5482
5075
4994
5246
5589
8237
7187
5753
5248
5564
5930
8087
5638
7703
5149
5375
5236
5886
5092
5060
5166
5393
7149
5027
7196
5275
5535
5298
5067
5911
6024
8222
6172
6349
5363
6137
20162
7675
7156
5558
5342
5060
5372
5186
7896
6963
5793
5528
5836
14743
5078
5205
9022
4854
7043
5018
4839
5252
5367
5511
5389
7305
5394
5025
4818
5611
5364
4974
4897
5375
8021
5423
6701
5473
5525
5465
5455
5373
5496
5312
7193
5623
5450
5668
5600
5035
5321
5198
7543
4890
6684
5619
5036
5531
5578
5547
5308
5568
7162
5323
5386
5577
5624
5459
5973
7031
18750
13340
13576
15690
13234
12152
7335
5601
9224
25093
5636
5723
5433
6387
7439
5706
5701
5364
5748
5539
5526
5701
7126
5888
6925
5646
5476
5121
5522
5104
6167
10653
6618
6496
5198
6334
5806
6641
7957
5620
6779
6862
5660
4921
10070
7903
9475
5610
4899
7849
5600
16607
7287
8518
10753
6507
5080
4917
5273
5268
12359
9696
5547
5405
5249
5404
11757
11634
5912
5462
5008
5000
17833
5133
5178
5013
5075
5040
6273
5410
5247
7614
5563
6566
4962
7980
5012
4923
8195
15939
13706
6319
5408
20537
8150
5768
5127
5202
5742
5286
5076
5980
6936
5252
6042
5511
6037
5136
5665
5032
7968
5473
7051
5054
5498
5296
5579
5414
5555
6678
5638
5291
5385
5472
5227
5355
5137
4779
7674
5432
7750
24511
4983
4918
6906
4975
5197
6509
10711
5133
5726
5141
7668
6983
5062
5172
5741
5141
24037
9898
5333
15991
21348
19534
37550
13755
13478
18906
17855
15152
6117
7302
6052
5742
5597
5373
5159
5942
6757
10117
5386
7408
5419
5981
5883
12227
5724
8045
8068
5525
5156
5560
14692
7562
26414
6116
5609
5173
8964
5897
5319
5631
5899
7385
6773
5908
7346
5768
6827
5795
5427
6006
5967
5285
5487
6975
5259
5424
5981
5620
6331
6529
5732
7594
5676
7887
5416
6417
5342
5037
4957
4929
6343
6719
5015
4911
4992
5132
5405
5380
11302
5121
6790
6191
5123
5121
6648
5021
5013
4951
6956
4866
5585
5334
5541
5943
5478
5019
8101
5303
6620
5433
5206
5213
4986
5171
5396
5288
6598
5009
5520
5202
6317
5494
4981
5274
5076
6978
6976
5177
5292
4976
5296
5248
6010
5162
7958
5876
7673
8401
4989
5634
5553
5482
6939
6795
5284
4954
4932
5236
5093
5131
5107
7063
8867
5222
5746
5325
5161
5426
5306
5477
7239
7080
14780
5891
5226
5174
5450
7366
5672
5501
6580
16887
5584
7419
10888
5525
5967
10884
5341
5505
5211
7961
11788
8061
12031
5157
8116
44045
13665
5357
15578
5354
5028
5082
6840
7842
31876
10350
6781
6159
6706
6092
5462
5901
5640
5192
7745
5276
6857
5315
5645
14357
5706
7350
5932
6977
13423
12411
15582
18504
17821
15707
12355
6577
5075
5016
5210
5017
7680
4954
6527
5718
14438
5535
5041
11540
5608
8340
5903
5579
5242
5528
13028
5193
7827
5269
5369
7346
9572
5416
7422
5779
5340
5423
5511
5072
5569
5192
20509
33464
5762
7967
5294
5228
5463
5236
5317
9454
9517
5863
7009
5585
5270
6712
5939
6354
5577
7252
5350
5651
5351
5479
5351
5574
5286
7167
5094
6642
5137
5139
5629
5319
5782
5853
6024
8141
5792
5483
5514
5703
7490
5482
8858
6508
7460
5555
5185
5304
6778
5991
5413
7000
5707
18708
5222
5828
5585
7312
5516
9346
5379
5081
5712
5402
5552
5907
7507
5867
5971
5993
5947
5822
5388
20721
23610
7670
5203
8649
6208
6067
5562
5790
5314
5258
5646
6614
5563
6794
5245
5096
5327
5579
6393
6124
6958
5391
5597
6112
5141
5263
5567
7614
5515
7685
8302
5331
5197
5599
5351
5843
5608
15104
12876
12851
13349
16203
12918
15577
8084
7301
5304
5692
5762
21358
12224
9507
5468
5752
5161
6114
5407
5075
6946
5417
6190
5485
5406
6018
5671
5190
9436
5415
6593
5322
5850
5348
6189
5815
5470
8108
5461
5921
5619
8978
5492
5496
5332
7013
8684
5945
7142
17731
5737
28038
6183
5596
5725
6366
20720
22665
5349
7145
5766
6268
5903
5548
5364
5821
5147
5757
7263
7209
5939
5687
5256
5519
6134
5209
5642
7502
6108
5856
5721
5262
5599
5500
5656
7398
5575
6918
9255
8564
5500
5780
6461
7702
5237
5710
6008
5377
5672
5782
5387
7520
5407
7780
5260
5526
5345
5558
6254
7211
6657
6302
5252
5523
5950
6526
5392
6158
7415
8504
6572
6130
5820
5558
5379
5417
6649
5346
5074
5035
8720
12175
5051
9671
5760
40367
185732
4894
5933
5661
7313
5167
5505
4964
5989
5197
5486
5465
5210
7528
5184
7203
6507
6163
5070
12166
16746
13289
12060
12301
15274
14642
5294
6192
5599
5685
7036
4996
5004
6388
5223
4970
6141
5007
6415
6972
7239
6127
5235
5261
7947
5772
5056
8753
5240
22302
5498
5108
6063
6962
7161
5813
5080
5147
4988
5751
5552
5331
7063
5326
6421
5883
5905
5780
5816
11577
5685
7213
5402
11238
9220
5814
8242
5583
5062
5064
5053
5016
5034
5130
5539
5064
8038
7947
4988
5218
6154
41745
11249
8892
5707
9125
8364
5526
5631
24418
7569
7488
5333
5583
5292
5649
5356
5700
7275
5668
6720
5395
5901
6107
4958
5253
5856
6744
5418
5417
5427
5570
5428
5787
6320
14018
7478
7269
5398
6009
5602
5801
7881
9560
5609
5512
5584
5006
5367
5693
5313
7610
5027
6844
22176
5030
5436
8124
5334
5451
5591
5331
22719
163005
5920
5862
5832
6271
21086
7008
10708
5148
5093
5085
6751
5886
7017
5638
5503
5068
5747
8016
6238
6040
45314
20050
13844
12719
12957
16604
12949
5775
6680
5792
7314
7905
5632
5898
5622
5632
5842
5499
5918
6944
5049
6608
5091
11488
5987
6743
9086
6034
7562
8518
5568
7380
43850
7766
5503
5938
8013
5824
6869
5260
6594
5045
5427
5876
7745
7667
5719
5330
5806
5832
5594
5257
6431
7793
5851
5745
4917
5310
4871
5058
5095
8055
5232
6894
5515
5075
5088
4988
5003
5234
11039
5065
5737
5717
5453
4838
5354
5722
5962
8123
7343
5324
5118
5180
5072
5558
5073
5106
7191
5234
5588
4969
5443
5726
5169
5817
8535
10941
5248
5946
5161
5131
8677
5044
5066
6834
5207
5349
5496
5447
5393
8650
8298
5494
7298
5630
5119
5183
5444
5306
5322
6432
6933
5103
6506
6415
5703
5421
5215
5576
7341
5055
6965
5231
5494
5189
5114
6026
5581
6571
5469
5424
5454
15942
5329
6319
8523
7313
5489
5478
8824
5310
5771
28908
5993
5500
7011
14943
6382
18807
31292
12844
16037
14499
16110
13962
5821
5996
7393
8377
5256
5152
5531
9451
6984
5785
8161
5073
9423
6122
5097
4871
5026
4995
5042
9074
5025
4891
4770
5167
5199
4988
5522
5568
7172
5039
7124
5936
5389
5511
5675
5233
5137
6795
5403
5577
5229
5412
5221
4925
5801
5870
9363
7518
5373
5188
5077
5151
5010
5039
4790
6720
5174
5132
5021
5171
5656
5090
5030
4982
7618
5015
6972
5043
5180
5104
5024
5792
5427
6919
6987
5106
5572
5274
5657
5270
5132
5820
7907
5139
6676
5414
5540
5453
5312
5449
5045
5286
7687
5165
5432
6455
5626
5346
6618
6101
7542
7327
5165
6121
5365
5588
5411
5637
5374
6786
5349
5845
5921
5168
5828
5615
5193
7889
5232
7180
8042
5747
5639
5064
5198
5165
7109
5172
5472
5487
5649
5352
5466
5491
5772
7184
7426
5211
9829
6363
5306
9987
7388
5407
5156
5604
5489
5951
5945
6418
8087
5503
6762
5222
17432
4968
4972
5127
6922
24339
5588
5819
8131
6642
7088
6784
14750
5295
6589
6655
5747
5612
5969
5150
4947
4922
6358
4981
6933
5061
6541
5268
5205
10030
5652
4993
50261
15908
7006
5054
4896
4973
4960
4846
5997
5097
7907
14375
37318
16637
17538
44198
26281
15791
5267
5610
28217
75800
37436
5670
5518
5529
30717
6231
5271
5645
5389
7361
6886
5721
5542
5348
5777
24275
11961
5635
5216
17690
5261
24264
5787
5585
6122
5841
7767
5799
6814
5252
6086
5287
5172
5360
5405
7253
6051
5512
5474
5170
5433
6084
5246
5066
7096
5171
8330
5423
5240
61783
6008
8023
5817
6901
5411
5651
5303
5272
5466
5178
5865
7204
5191
7031
5506
5620
5846
5337
5218
6547
5364
6392
4921
4909
5436
5506
4904
5040
5137
6897
9427
5571
5194
6215
5087
7384
8073
5199
6702
5247
4889
5202
4949
4835
5049
4844
6453
5487
5013
5649
15841
5591
5199
7701
5125
6310
5282
5359
5147
5160
4976
4878
4905
6999
9556
6003
8165
27180
9291
5052
5009
5085
5583
4963
5013
6119
6835
5116
5142
5101
4969
5884
4907
4997
13784
7061
5204
5042
4945
5282
5719
5129
4910
6771
12030
13252
14023
16059
14418
13024
25925
14502
9739
18921
32281
5160
5194
6115
17406
6648
7355
5490
5685
8389
5652
7045
6519
6400
5614
5379
5673
5252
6802
5241
5827
6338
5963
5658
5686
5480
8045
5759
7072
5328
5630
5415
5755
5275
5693
7601
5521
5665
5279
5843
5890
6234
5505
5613
7327
7327
5022
5028
5450
5463
4953
7160
5122
6747
4962
5279
4937
5345
5656
6069
4815
4990
7371
7402
5286
5215
5812
5085
4940
4981
4936
6487
5501
5228
5236
7227
5281
5222
4818
4902
7149
4834
7151
5274
5380
5390
5254
5326
5462
7952
5138
5041
5003
4887
4829
4804
5200
4968
4755
7266
4896
6378
5802
5376
5530
5367
5351
5304
13775
4985
6392
4999
5148
13766
12431
7264
5354
5262
5392
5056
5340
5993
7567
5806
6448
5550
5456
5424
10776
5247
8024
7365
5202
5791
16551
5538
6942
7296
5362
5292
5263
5735
5292
5759
5626
7300
11037
5159
5378
5466
5222
5208
5263
6312
7481
5619
5470
6733
5663
6129
5240
5407
7646
7345
5573
5722
5379
5618
5349
5451
6917
16587
5804
5357
5575
5374
5202
8403
5331
7374
5465
5461
5421
5525
5571
5793
6677
5474
6103
5473
5465
5609
6887
5383
5740
7209
7105
17696
20766
15499
14067
12340
15280
15423
5027
5698
5303
5158
4945
6989
5044
4981
4997
5322
5231
4942
9004
5003
10984
7092
5155
5068
4943
5058
5021
4835
5531
9010
5361
4983
4938
5377
6848
9093
9380
5564
7263
10033
5725
5757
5028
5315
7275
5448
13493
5386
5329
5384
5875
7969
5482
7256
5640
5536
5429
5291
5271
5417
5382
6948
5742
5451
5134
5249
5470
5144
5594
8962
5453
9670
5303
5930
5253
5582
5460
5620
7711
5482
5846
5254
5869
5879
5081
6192
7378
7766
6777
5680
32965
5874
11107
8120
4994
5415
5335
7573
5651
6976
5705
5100
5018
5006
4974
5072
5304
6698
5136
5213
5449
5153
4869
5166
5309
7774
5300
6995
5525
5196
11893
5087
4969
5028
7067
5045
5814
5188
13863
5540
5743
6964
5643
6937
6116
5539
5868
5558
5198
5602
7212
5593
5366
5254
5180
5453
5499
5601
5403
7928
7146
5830
6731
5415
5811
5185
5622
7109
5627
5401
5812
5374
6523
7336
45147
5681
5732
5626
7604
5998
5340
5609
5258
4987
5098
5588
8657
6118
6956
6056
5302
5590
5509
5407
6737
6635
5178
5370
5320
5228
5802
5701
6189
8707
5507
6555
5442
5204
5062
5925
6034
13412
5363
5240
5024
20738
18567
14993
12454
12532
15437
12944
5041
4935
4980
5159
5131
6870
7259
5134
5437
5291
5066
5237
9161
6918
5576
5563
5334
5223
5196
5261
5346
5523
8291
7916
5259
5191
5272
5702
5618
5640
5777
6615
5226
5131
5190
9539
5274
5227
5752
6893
5844
6590
5762
5234
5714
5985
16841
7495
7372
5272
5133
5515
5228
7009
7876
5210
6799
5226
5632
5292
5828
5572
12069
5467
5320
16488
5211
5169
5183
8595
5298
6943
5528
5190
5253
5233
5729
5274
7121
5446
5737
5685
5627
5295
5492
5006
5716
8166
8496
5806
5749
6060
6125
5776
6782
8279
5333
6269
15337
5134
14987
5108
6859
4973
16438
6616
5254
6803
7056
14776
6062
5394
5452
6220
15071
5268
6840
5749
4940
5043
5266
8978
5084
5508
5384
4982
5763
40911
39067
5004
5005
4905
5318
6832
10139
10052
10623
5225
5074
5028
5635
16069
7606
5704
5193
5127
5486
12623
17253
14341
12799
12969
14888
16011
5131
5797
7106
7622
5607
12697
5096
5226
34015
5288
5311
7556
5952
6029
10460
5135
6817
7330
5643
5653
5929
6004
6008
7747
5216
5551
5216
12930
6257
8426
5612
7351
5817
5344
5488
5670
5224
5234
5452
7046
5157
5062
5160
5195
5504
5278
5134
5510
6991
7332
5705
5079
5117
5116
5121
5418
5116
7213
5660
5392
5630
6470
6501
6134
5620
8134
5848
7112
5387
5772
5213
5191
5200
5977
7377
4984
5032
8663
6234
5588
5690
5018
7250
4981
6778
5252
5072
5591
16067
11057
5205
5506
5115
6338
5918
5254
5386
9488
14463
5289
7532
7332
5189
5361
8417
5238
17981
5307
5393
17166
7831
5214
5097
5131
5457
5244
9404
7599
5024
5475
5957
14292
5159
5318
7580
5190
6509
5423
5208
5009
5557
5351
5360
7899
5361
5201
5136
5468
5398
5415
5646
5292
7892
5744
7166
5394
28646
19233
5473
5314
5193
12582
16330
14345
12392
12577
14232
13350
5711
5212
7345
7723
5964
6763
5477
5664
5450
6758
9725
7252
7163
7793
6403
5663
15929
7878
8100
6133
6256
5765
6172
5588
5384
7579
6154
6276
5526
5403
5765
5711
8923
7130
10411
5376
5573
5675
5934
5876
5500
7095
5407
6150
4931
5068
5170
5230
6893
5690
6997
11663
5216
7003
5056
9020
5300
7634
5594
5916
5496
4993
4992
4976
4944
5217
8080
5894
6436
6546
7336
5259
6337
5137
6384
7457
5079
5322
5111
5392
5095
5295
5459
5054
8105
11161
5337
5640
5096
5295
5522
5130
6928
5245
5008
5028
5573
5345
5704
6444
5510
7385
7717
8230
5187
5472
5077
5081
5187
7005
5161
4991
4953
5903
4941
5079
4971
4939
4991
6690
7153
7938
9394
5608
5100
5100
6812
6902
5225
5337
5397
5432
5657
5023
5018
7618
5447
6913
5142
5149
5292
5302
5102
7421
7651
5307
5718
5265
5139
5513
6009
6917
5162
6936
5211
6690
5233
15395
5730
5253
6974
5630
5104
7818
5443
5360
4997
4993
4979
7185
8963
5265
5176
5434
6726
5311
5334
6071
16777
5384
8879
5537
17720
9704
5567
10502
15423
18503
5665
6499
8592
5201
5677
15641
15820
13503
23482
12918
12786
12695
7426
4937
6713
5052
5126
4944
8451
7821
7025
5562
5054
5217
5126
5557
5081
4880
4945
5100
6903
6905
6115
9236
5064
21628
7200
5753
5566
5704
5229
5031
5035
5042
6969
5125
6767
5579
5192
4998
5585
5793
6314
7548
5525
5051
5597
4922
5118
5756
5140
5632
6914
5356
6727
5146
5125
5107
5667
6140
5733
7603
5350
5026
5138
5054
5053
4944
5303
5326
7072
5232
7112
8954
5118
5645
5079
5105
5059
6813
5328
5126
5060
5564
4959
5100
5181
4910
7096
5102
6756
5207
5159
5316
5040
5257
5039
6789
6649
5837
5534
5250
5195
4847
5069
5966
7747
5260
56196
98017
5362
5856
14069
5579
14601
5979
6951
5138
5953
6861
5610
6426
6282
7967
7224
5350
23540
13030
7514
5742
6870
7328
5450
5840
5392
7490
4978
5386
4886
7482
23981
5171
6471
5268
5335
5010
4918
4927
4763
5459
9963
5068
5171
12194
14498
15288
14265
13043
13584
16574
6257
10135
5196
5061
5645
6887
4994
7044
6344
5703
33743
7343
5080
4901
4915
5255
5009
5799
7061
5225
6451
5161
5162
5140
5601
4970
21970
18746
5696
5659
5189
28015
8841
5274
8187
7620
30943
13896
7235
7407
15605
6869
5565
5804
6282
7160
5316
5417
5588
5682
5255
5802
5308
7635
5662
6940
5807
6219
15504
6332
15338
5251
5329
5591
25535
8092
5654
5746
5646
5507
5531
5721
11639
5832
5328
18411
5837
5604
7996
7206
8042
5112
5072
5511
5509
9590
6938
9231
5264
5462
5232
6264
5542
5256
6897
5164
7106
5882
5769
5826
5021
5023
5106
8126
5075
4918
5842
4981
4804
5462
4804
4966
7124
5072
7663
5073
5068
5154
5039
5250
6506
17095
6369
5864
5731
5210
5336
5353
7653
5623
7199
5430
15100
6074
5202
6814
8897
5232
5804
6465
5589
5186
5200
7572
5374
7086
5387
5347
5816
15853
14644
13471
12989
14789
8596
14149
5861
5623
5159
5184
9520
5383
5181
5769
5521
5261
6019
5512
5585
7220
5098
7406
5144
6047
5694
5358
5188
5157
8027
5414
5301
5302
5374
5056
5046
34500
7674
5720
5238
5144
5639
6867
5083
5251
5183
5042
5462
5480
20731
7070
5208
5758
5241
5591
5326
5207
5855
7106
8502
5340
5234
5349
9085
5109
6960
5207
6719
5946
5365
5962
5306
5485
5130
5144
6858
5178
5790
5718
8086
5344
5196
5363
7080
7201
5845
5288
5107
5371
5168
5110
5141
7991
5758
6186
5803
5308
5745
6067
5364
8094
5470
15005
5391
8390
5350
6203
6604
5014
5439
5100
5731
6819
7165
5294
5555
7203
7206
5482
5053
5030
5343
5561
5125
4962
7036
5101
5202
5213
5314
5000
5030
5323
5116
6974
6052
7258
5405
5246
7036
5485
5089
5045
7254
5592
5129
12676
8104
8296
8133
5512
12888
5245
13349
4957
7755
15406
5684
5685
5436
5210
5123
14609
13035
5334
5527
5086
8934
5055
7045
5020
13729
16140
5048
4826
7318
6855
5011
5058
5194
5687
5006
5107
4971
8124
4984
5016
4934
4924
4935
5053
8921
10218
4978
14688
5042
5299
4965
5286
5549
19336
5686
5113
5132
5662
5955
10797
16536
17777
15709
14135
12304
16899
15894
9702
5343
5832
5570
5559
11324
5681
5269
5722
5264
5656
5275
5749
9865
24711
5408
5570
7434
5215
7057
5276
5739
5149
5049
5233
5219
4972
5076
7986
8909
9464
5752
5104
4943
4970
4963
6649
5321
5684
5276
4957
5117
5186
5076
5072
5381
7388
6831
5220
5069
5918
5031
5089
5713
5149
6781
5099
5063
4909
5059
4994
5120
5475
5613
7435
5460
6756
5094
5518
6206
28221
5073
5609
5672
21447
7111
4942
6344
5753
8703
6857
5373
5080
5599
6512
6178
5551
5498
5641
5036
5111
5082
8153
6585
7518
6750
5722
5167
5148
23982
5567
5111
4984
5031
4979
4965
4950
7178
5007
7410
7065
5629
5274
5384
5253
5483
7184
5216
6147
5297
5534
5263
5315
5642
10370
5653
7286
5600
5361
5670
5305
5412
5349
6884
5136
5740
5340
5708
5952
5731
5302
5320
7777
7506
5701
17224
5781
5172
7191
5371
5426
5489
5440
5587
5497
5542
5099
7807
14179
5461
5532
10161
9086
8930
5482
5361
5712
5226
8978
5786
5304
7817
7650
5542
5659
5216
4976
4941
4960
4921
6613
5364
5012
5276
5099
5666
11125
5169
7037
27844
6241
5632
5088
5153
10764
5029
5016
14879
38712
12766
12547
15036
14767
9925
5418
5172
7934
7814
5120
4945
5082
4919
5265
5817
5886
7931
5291
4913
5717
5095
5801
5324
5182
6019
7603
6973
4984
5077
5173
5150
5723
5105
5104
8065
5585
5029
5516
5494
5326
5226
5359
5319
7203
7173
5293
5412
5403
15676
5571
6907
5043
4972
5249
5122
4959
8621
6163
8050
5460
7393
5235
5250
4918
5325
5502
5170
9819
5799
5947
5681
5856
5515
5038
5907
7707
5335
6427
7033
5004
4822
5045
4838
4889
5280
6997
5155
5771
6982
11095
9852
5595
7076
7973
5468
4991
5639
5071
5098
5476
5627
7628
5361
4891
5386
5636
4994
5432
5448
9490
5594
6875
5076
5003
4986
5266
4950
6627
6784
5340
5038
5107
5693
5140
5220
6091
5293
7904
5297
7275
5132
5770
6366
5525
5159
5147
7644
11723
5497
30850
5069
6312
4971
5690
4909
4974
5236
7674
9417
7708
5007
6306
4975
6081
5737
24160
11201
5725
5704
5101
5097
30447
13769
5672
9162
33374
5651
5309
9586
5053
14090
6572
5202
5108
4956
7311
5219
11719
29739
7223
5090
5663
5208
5237
5558
10356
4919
7136
5083
6482
5033
6997
5069
5214
5244
5856
7486
5299
5679
5516
6606
5853
5220
20944
42146
17282
14576
12427
18352
12143
11145
5719
5408
6326
6903
5356
7262
5035
5028
6687
5522
5052
7619
7210
5698
6014
5015
5450
8987
6084
8409
5275
5891
6124
5089
5155
5346
8425
6847
5099
6885
4989
8994
5371
6740
5008
5787
6914
4968
6106
5272
5694
5034
4966
7033
9293
6892
12685
5033
7511
5283
5373
7249
4963
6847
41678
8322
4915
11661
18455
7622
5686
10536
5092
4947
5357
5513
4995
7083
5109
7286
5559
5202
5145
5108
5609
5281
8922
9944
5795
5022
5362
5407
5243
6015
6867
4956
6473
5113
16244
5341
4968
4980
7853
6014
4915
5381
5819
5617
5578
5146
7551
9545
5497
8270
5429
5667
11193
10342
5152
13406
7550
8083
5836
8582
10433
5221
5200
6440
5239
9936
6720
6241
5950
5275
5096
5059
5681
6645
8420
5412
7430
5902
6250
5420
5567
5593
5397
6665
5953
5620
5143
7190
5650
5092
6065
5426
7129
7479
13149
6976
26814
15071
13808
15148
15014
12269
19887
8237
6061
5510
8285
5592
6203
5777
6089
7123
7518
5323
5048
5814
5678
5148
5858
6386
11111
6461
5543
5526
5304
5168
5467
7937
5048
8027
5401
4932
4882
5800
5036
5341
7978
5093
5207
5363
5097
4918
9161
4975
5097
6763
5526
6371
5362
5085
8332
5429
5324
6664
6983
4909
5240
4995
6172
5711
5031
5055
7663
5468
6718
5043
5493
5390
5776
10956
5784
6694
5160
5135
5633
5499
5397
5266
5045
4997
7037
7062
5695
5120
6013
7881
5720
5205
6711
6890
6048
5495
5521
5404
5480
6001
5596
7629
7112
5254
6215
5320
5412
5082
5177
5579
7373
5569
5294
5659
5352
5798
5349
5201
7614
5674
6616
5808
6628
5571
9621
5690
6634
5386
5051
5039
5282
16834
5288
7479
5314
6790
9995
5494
6580
5335
5447
7051
5334
5304
5538
5311
6034
5565
5125
5296
9877
21641
5633
11343
12477
8507
5425
5139
5580
6441
5634
5236
10973
7541
6098
5386
4867
5775
5359
12319
9627
5151
35543
5437
6921
22768
26000
5170
5778
5132
5317
7526
5353
8009
5719
7099
5778
4984
5320
5161
5646
5286
8799
5819
5353
8636
5267
5345
5039
5756
6823
4985
13801
12193
16711
13928
12203
12099
12310
7110
7088
5212
4974
5164
5818
5599
5441
5966
6544
5381
5035
5226
5196
5101
5488
4890
5123
7070
4903
7210
6302
6467
5207
5807
6238
5919
6740
5164
5279
5649
5037
5096
5204
5149
5642
7891
8453
5910
5631
5369
5890
5295
5412
6612
5333
5276
5327
5509
5453
5595
5481
5640
7117
10134
5560
6114
5953
5212
6068
5629
7043
5575
5857
5708
5862
5260
5676
5201
5772
7409
7318
5536
6683
5283
5239
8593
5419
7558
6379
6146
9688
6039
5750
25592
5515
5928
5352
5451
5266
5233
5691
7125
5222
5591
5302
7654
5757
5331
5848
7200
12823
6605
16677
5175
5611
7041
5252
5570
5285
5240
5192
5573
5744
8311
5729
7243
6673
5609
5515
5291
5767
5255
7063
5501
7681
5361
5054
5301
5977
5656
5016
7043
7081
5269
5112
5639
4973
5099
4871
5859
6536
5499
5097
5024
5236
68341
14713
11837
6069
83336
103970
5465
5532
5469
6037
5089
5122
6906
8062
7533
5520
6084
5399
6025
5950
5585
8262
5201
5598
6183
24696
12828
8156
6274
5413
6193
6276
5816
12801
5888
5954
8868
5197
5261
5788
5435
8559
7936
6147
5685
5276
5241
5558
5286
7061
5656
12524
14479
12300
15585
13030
12452
5666
4856
6375
5869
4982
9154
5014
5005
4943
6068
9695
9424
5550
4959
5029
4941
5943
5175
4974
7443
5482
5194
5008
5167
5002
5627
5114
8753
5199
6958
5097
5088
5298
5560
6098
7881
4945
6905
5194
5010
5026
5537
5527
5015
4990
4963
9428
6611
5066
4968
5144
5499
6143
5197
5113
6525
5016
5290
5260
15569
5852
5829
6897
7303
4898
20668
5396
5543
6402
5552
5199
5425
5201
5516
5132
5763
22469
10029
5058
5051
5281
5866
5594
7285
5199
5458
5110
6088
5227
6141
5385
5399
17271
8414
5372
8526
5421
21347
5395
5331
5559
5440
5603
5219
6965
5813
7040
9078
5570
5284
5348
5226
6374
7410
5214
5574
5757
5200
6466
10569
7764
5731
6951
5424
5280
5580
5207
5232
5149
6924
5516
7347
5304
5556
6567
6276
5356
7832
5240
7546
5149
5064
10795
10090
10656
5994
5938
5515
5850
5287
24447
28560
21647
8503
5528
5968
7172
6070
5876
7605
5617
6703
5304
5074
5243
5416
5039
5568
5677
8376
5616
5676
6389
6132
5368
5160
5217
7092
5121
6932
8125
5086
5307
6502
5670
5311
6563
5271
4907
4899
4908
5160
5021
8601
7744
5515
31460
5920
5207
6688
5400
5367
5470
12867
11965
16183
12729
13763
25682
12739
6458
5431
5915
7631
6586
8568
5149
6200
5669
5324
9108
7541
5049
5234
6451
5760
5917
5561
5307
5688
7797
7286
5568
5617
13314
5513
5344
7323
5419
6583
5435
5771
5234
5124
5679
5356
6973
5436
6542
5978
6155
5561
7344
10918
7190
6566
6412
5771
6540
5381
5206
5408
7185
6972
5696
5753
5471
5147
5120
5025
5017
7228
6511
6016
5430
5571
5244
5233
5397
5094
7026
8287
5432
8201
5310
5182
5516
6389
7805
5868
5290
5193
5351
5086
5558
6965
73012
37515
5999
7268
5745
5303
5082
5177
6606
5318
7565
6290
6693
4967
5009
5260
4907
9670
6994
4986
9586
5600
5445
8024
5938
5476
7260
5846
5308
5556
4923
5409
5148
5775
5524
6678
7734
6477
5646
6123
5643
6003
5310
7185
7740
5097
5591
5398
5305
5396
5278
7935
7424
7278
5000
5093
5287
5238
5925
6413
9414
6092
5783
9320
9915
5550
5463
7733
7686
5553
5767
5792
7912
5481
6646
7269
5607
5556
6522
5665
5999
5800
5915
7621
6571
6673
5625
5475
6020
5378
5879
5511
6737
5471
5979
5301
5255
5400
5478
5303
5220
7914
7579
5272
5433
5452
6226
7372
5588
8316
13845
12731
9841
15679
14474
12909
10205
5877
6759
5554
5534
5168
15201
6354
7366
8378
7100
6266
5800
5530
16141
10805
10298
6718
5547
5513
5334
5374
7550
5650
7104
5496
5497
5751
7869
5515
5209
7531
5357
5645
5189
5373
5634
5001
5339
7727
5692
7615
5310
5365
5063
5616
6496
5347
6565
6001
5669
6810
5147
9291
7677
5125
7682
7423
5176
5540
5481
6690
4978
5045
11145
5866
5418
6404
5927
5284
5443
4986
7759
5414
7345
5150
5743
5259
6841
6120
6210
7285
5332
6161
8966
5117
5688
5173
5873
6990
7465
5419
5953
6157
4825
5033
5067
13321
5586
4936
5115
5065
4880
5076
5372
5570
9091
6972
5155
6721
5084
5156
5042
4948
5182
6896
4942
4929
8870
5246
6558
5356
5130
6772
5080
6733
4981
5003
5305
5098
5064
4944
5026
6641
5043
4942
5280
5078
5699
5267
9381
9492
7315
5870
5841
5114
5194
5548
5105
5287
7027
5423
5525
6669
5417
5561
5333
5580
8579
5535
7873
11524
5729
6774
5576
5659
6686
6148
5886
5306
11273
6073
6116
7443
5615
7569
6024
5988
6383
5799
5655
5621
7335
5334
5693
5664
5120
15055
7792
5156
15782
7487
5440
5300
7114
7019
21432
13451
14607
14931
19748
15037
14951
5934
4994
12450
5089
10436
5178
6477
22336
26795
22183
6127
7214
7172
10153
7388
4869
4798
4677
5132
5036
4791
7260
5276
5616
4832
5300
5098
5039
6218
7353
5769
7096
5096
5246
4813
5200
4900
5083
4991
8040
4846
5098
5056
5002
5270
5239
4824
4767
7544
5524
6577
5139
5108
4800
9189
5095
5057
8011
4915
8748
5228
5041
4692
5024
5106
7443
4663
7183
4916
5821
5059
5075
4978
5099
4900
6484
10859
5231
5628
5176
5874
7890
5967
7405
7397
5254
11940
5521
5346
5739
7212
5254
5336
5602
6275
5320
5299
5401
6186
6986
5425
10678
5136
5589
5614
5218
5279
9791
5748
5448
5409
5288
5865
5288
6016
8997
5288
6654
5708
5124
4941
5206
5251
5781
5510
7447
5760
5225
5931
5672
5307
5189
5609
7345
5649
7050
5020
4936
4960
9357
5461
5427
8944
5313
5649
5140
5256
5484
5077
5869
8158
5099
7863
5338
13690
5506
6483
15208
5531
4984
7935
4978
6314
5249
7991
8683
5259
5366
5488
5328
5638
5507
11386
19962
4927
5444
6089
5641
7028
4987
7543
5711
5959
5605
5137
5020
5055
7083
5829
5232
5019
5043
16897
5125
7523
5147
18077
13700
14862
12711
12532
13195
15143
7725
5177
12710
5543
5553
4927
7104
5145
5254
5406
11347
5051
5158
5595
30797
5137
6408
6429
5047
8130
5093
5134
5706
5404
6076
5837
5074
7587
5126
6964
5012
5091
5806
6192
5098
9468
7361
5497
8586
12265
7784
5689
7566
5616
6482
5972
5536
7369
5754
5271
5604
7355
5498
4950
5090
6019
5170
4958
5204
6011
6838
6135
5787
5389
5721
5301
5963
5706
4969
7777
5115
6032
6176
5822
5228
6022
5542
7636
5384
7256
7298
5153
5464
5621
5321
5342
6567
5689
5860
5442
4854
5009
5129
5019
5150
7493
11978
5306
5859
5496
5143
5652
6088
7159
6976
5883
5581
5415
5258
5555
5313
5663
7324
13667
5972
6518
8316
5239
5432
6862
5328
5796
8945
5178
5386
8199
7840
6158
8022
5203
5218
5550
5020
5034
5367
6961
5702
6222
5698
5372
5811
5895
5874
11261
5346
6497
5623
5424
5042
5534
5552
5625
6628
5542
5250
5441
5045
5054
5237
5105
4999
13226
10467
5252
4737
5311
5107
5451
5228
7779
5439
4971
4909
5023
5550
5456
4889
5262
6732
14931
18991
5112
5098
5220
7861
17458
5247
4987
5275
6004
7703
7297
5021
5297
5423
5191
6038
5738
6192
9246
12903
12620
13246
21422
14581
13099
13925
7174
5529
5427
5842
5679
5249
5168
7155
7751
5984
5297
6461
5304
8955
5672
7452
5579
5015
8389
5495
5254
5689
5230
7599
5433
22339
9828
5552
6243
10253
6063
5906
8064
5755
5186
5378
7681
8094
5909
5635
6433
5460
6386
5503
7013
7111
5044
5419
5727
6816
5621
6450
8940
6027
6091
5376
5499
5121
9307
5960
8264
5443
4997
5461
5531
4959
5543
5380
6116
7246
5811
6941
5275
4998
5641
5458
5531
7916
7200
6069
5363
7984
5339
5900
5726
5844
6996
8665
5025
5455
5334
5576
6116
5930
5328
7663
5675
5358
5482
5516
5848
6154
5731
7506
7390
5598
6679
5579
6041
5691
5609
7433
5506
5911
5859
5339
6198
5429
6326
6168
7012
7607
5740
5472
6700
5806
5557
5995
7955
5992
10032
7124
5657
6481
5563
8489
7779
6869
5915
5693
6031
5060
4954
6060
6944
11299
6559
16898
5925
6711
5703
7387
5492
5786
6220
5338
5820
5817
7221
6007
6075
17406
7211
5026
7173
7240
5451
5425
5106
5462
4954
5242
5221
7183
5484
5377
5758
5259
5795
5388
5568
5054
6957
7212
5599
5698
5394
5097
5191
4964
4890
12533
6534
4881
5170
5002
4943
4922
4978
16158
15988
13114
14428
12673
13220
12571
5305
7753
7255
5208
5424
5129
7439
5241
14808
5589
24642
5439
5419
10086
8515
5404
5274
5968
5939
5815
5277
6494
23038
9776
5266
5535
8167
5717
7675
5314
5936
5241
5889
6000
5755
7385
6046
5737
5889
5691
5690
5656
5838
8348
5980
6883
5666
5991
5434
5867
5964
5350
7722
5898
9216
5767
5368
5425
5436
5893
6877
8136
5798
5342
5739
13631
5594
7668
10398
6814
5705
13162
5854
7223
7666
5547
5788
5652
5740
5502
5726
6235
12299
5635
25802
5441
7068
7830
6296
6176
6431
5879
5438
6096
11189
12695
7648
11210
41399
14652
8363
5609
7960
15838
6222
5937
8783
5804
7475
6047
7308
5571
6036
6117
7689
5856
7184
6066
5974
5834
5145
5452
10143
8659
5503
5139
13855
5659
6461
7721
8843
5138
5481
5226
5928
5987
5564
8687
7246
5161
5674
5280
6183
6253
5306
5736
7329
5078
12592
12555
14569
14822
13654
12311
5766
8807
5655
5532
5997
6227
6365
6755
5449
7210
7796
5334
6018
18816
46651
21781
10515
6795
7704
7189
6887
9874
6837
5601
6584
9357
7673
6148
8124
7663
5429
5228
5294
5553
5238
5888
6756
8015
9566
5452
5132
6103
5163
6403
8467
7983
5640
5338
5577
7772
5372
5048
8030
5935
5178
5997
5027
5273
6568
5033
5333
7111
5616
6605
5038
5408
5548
5345
5215
6109
8057
5365
5090
5257
5589
5441
5104
5460
5221
6832
5341
6804
5247
5826
5077
5213
6494
5040
6480
7843
5060
5842
5161
5137
5735
5288
8254
7269
6298
5742
5220
5587
5029
5936
5311
6993
5340
5495
5278
5004
6552
5149
5009
5318
7133
5640
6745
5490
6467
5066
5346
5344
6244
6499
5707
5032
8170
5776
4913
11230
5101
10177
10927
6855
5685
5115
5178
5111
6696
16503
5472
5164
5353
8508
5390
9411
7090
10343
43461
22205
14875
20227
15376
12805
14247
6734
5668
5376
5230
13281
7342
7106
5490
5653
6372
6130
5498
5804
7009
9928
5131
5727
5928
10205
7708
7076
8075
5234
6276
6419
5305
5046
5704
6696
5691
5819
5636
6132
5018
5066
5066
4843
7219
11245
5583
5417
5983
37400
9475
11902
5699
7675
7509
26727
6246
6776
9450
13723
6775
6599
5469
5915
5494
7666
7140
5694
6438
5215
5620
5130
5169
8006
5961
6214
5822
6727
8414
6084
6165
6940
8348
6002
6145
5882
5400
5980
5269
7493
6107
5352
5142
5796
6473
6128
5867
7986
5794
6818
5419
5697
5000
4915
5145
5106
10845
4741
5337
4803
5098
5127
4813
5245
4991
7281
5817
7073
4849
4905
5913
4851
5139
4864
5110
7043
4903
5215
4825
4983
5648
5295
4579
4936
8680
13220
5895
6373
5174
5098
5173
17245
5468
14095
5128
4801
6393
7724
5129
7183
7862
5296
5357
5307
4868
4778
7397
5102
12718
15300
14391
15482
12787
12145
16109
5767
6023
4817
8862
6070
5837
5522
8034
6855
5216
5088
13198
5964
5468
6574
5877
5005
5131
5528
4680
50467
5877
4741
5282
5034
6814
5576
5965
5322
4952
8470
5355
5856
7318
10438
5127
5347
5681
5195
5542
5285
5877
7058
5353
5278
5014
5304
5013
5821
5567
9309
5476
7671
5380
25912
7353
7276
5226
10274
5341
5515
21794
6910
5353
5584
5185
5839
5226
6236
8445
6343
5218
13846
6141
6461
5727
6909
7510
5144
4947
5117
6069
5142
5646
5804
7236
5176
5558
6272
6902
5629
5406
5723
7228
5013
7729
