time	value
0	2472
0.5	2472
1.0	2472
1.5	2472
2.0	2472
2.5	2472
3.0	2472
3.5	2472
4.0	2472
4.5	2472
5.0	2472
5.5	2472
6.0	2472
6.5	2472
7.0	2472
7.5	2472
8.0	2472
8.5	2472
9.0	2472
9.5	2472
10.0	2472
10.5	2472
11.0	2472
11.5	2472
12.0	2472
12.5	2472
13.0	2472
13.5	2472
14.0	2472
14.5	2472
15.0	2472
15.5	2472
16.0	2472
16.5	2472
17.0	2472
17.5	2472
18.0	2472
18.5	2472
19.0	2472
19.5	2472
20.0	2472
20.5	2472
21.0	2472
21.5	2472
22.0	2472
22.5	2472
23.0	2472
23.5	2472
24.0	2472
24.5	2472
25.0	2472
25.5	2472
26.0	2472
26.5	2472
27.0	2472
27.5	2472
28.0	2472
28.5	2472
29.0	2472
29.5	2472
30.0	2472
30.5	2472
31.0	2472
31.5	2472
32.0	2472
32.5	2472
33.0	2472
33.5	2472
34.0	2472
34.5	2472
35.0	2472
35.5	2472
36.0	2472
36.5	2472
37.0	2472
37.5	2472
38.0	2472
38.5	2472
39.0	2472
39.5	2472
40.0	2472
40.5	2472
41.0	2472
41.5	2472
42.0	2472
42.5	2472
43.0	2472
43.5	2472
44.0	2472
44.5	2472
45.0	2472
45.5	2472
46.0	2472
46.5	2472
47.0	2472
47.5	2472
48.0	2472
48.5	2472
49.0	2472
49.5	2472
50.0	2472
50.5	2472
51.0	2472
51.5	2472
52.0	2472
52.5	2472
53.0	2472
53.5	2472
54.0	2472
54.5	2472
55.0	2472
55.5	2472
56.0	2472
56.5	2472
57.0	2472
57.5	2472
58.0	2472
58.5	2472
59.0	2472
59.5	2472
60.0	2472
60.5	2472
61.0	2472
61.5	2472
62.0	2472
62.5	2472
63.0	2472
63.5	2472
64.0	2472
64.5	2472
65.0	2472
65.5	2472
66.0	2472
66.5	2472
67.0	2472
67.5	2472
68.0	2472
68.5	2472
69.0	2472
69.5	2472
70.0	2472
70.5	2472
71.0	2472
71.5	2472
72.0	2472
72.5	2472
73.0	2472
73.5	2472
74.0	2472
74.5	2472
75.0	2472
75.5	2472
76.0	2472
76.5	2472
77.0	2472
77.5	2472
78.0	2472
78.5	2472
